2003/01/17 09:31 7.64 7.66 7.64 7.66 111.20 85039.20
2003/01/17 09:32 7.68 7.68 7.68 7.68 49.00 37632.00
2003/01/17 09:33 7.68 7.68 7.67 7.67 51.00 39164.00
2003/01/17 09:34 7.68 7.68 7.66 7.66 33.80 25910.80
2003/01/17 09:35 7.65 7.66 7.65 7.66 51.00 39045.00
2003/01/17 09:36 7.65 7.65 7.65 7.65 43.00 32895.00
2003/01/17 09:37 7.64 7.64 7.64 7.64 31.00 23684.00
2003/01/17 09:38 7.63 7.64 7.63 7.64 30.00 22915.00
2003/01/17 09:39 7.62 7.62 7.61 7.61 14.00 10661.00
2003/01/17 09:40 7.61 7.61 7.61 7.61 36.00 27396.00
2003/01/17 09:41 7.60 7.61 7.60 7.61 64.00 48677.00
2003/01/17 09:42 7.61 7.61 7.61 7.61 40.00 30440.00
2003/01/17 09:43 7.59 7.59 7.59 7.59 25.00 18975.00
2003/01/17 09:44 7.59 7.59 7.57 7.57 70.00 53070.00
2003/01/17 09:45 7.60 7.60 7.60 7.60 19.22 14607.19
2003/01/17 09:46 7.60 7.60 7.60 7.60 8.00 6080.00
2003/01/17 09:47 7.62 7.62 7.62 7.62 55.00 41910.00
2003/01/17 09:48 7.63 7.63 7.60 7.60 36.00 27402.00
2003/01/17 09:49 7.64 7.64 7.64 7.64 53.00 40492.00
2003/01/17 09:50 7.63 7.63 7.63 7.63 46.00 35098.00
2003/01/17 09:51 7.63 7.63 7.63 7.63 9.00 6867.00
2003/01/17 09:52 7.63 7.63 7.63 7.63 53.00 40439.00
2003/01/17 09:53 7.62 7.63 7.62 7.63 181.00 137944.00
2003/01/17 09:54 7.64 7.64 7.64 7.64 19.32 14760.50
2003/01/17 09:55 7.64 7.65 7.64 7.64 61.68 47153.50
2003/01/17 09:56 7.63 7.64 7.63 7.63 184.00 140445.06
2003/01/17 09:57 7.63 7.64 7.63 7.64 136.00 103798.00
2003/01/17 09:58 7.63 7.63 7.63 7.63 3.00 2289.00
2003/01/17 09:59 7.62 7.62 7.62 7.62 39.00 29718.00
2003/01/17 10:00 7.61 7.61 7.61 7.61 24.00 18264.00
2003/01/17 10:01 7.61 7.61 7.61 7.61 55.75 42425.75
2003/01/17 10:02 7.62 7.62 7.62 7.62 37.40 28498.75
2003/01/17 10:03 7.62 7.62 7.61 7.61 33.85 25791.75
2003/01/17 10:04 7.61 7.62 7.61 7.62 59.06 44957.75
2003/01/17 10:05 7.62 7.62 7.61 7.61 10.94 8327.38
2003/01/17 10:06 7.61 7.61 7.61 7.61 46.00 35006.00
2003/01/17 10:07 7.60 7.60 7.60 7.60 104.00 79040.00
2003/01/17 10:08 7.60 7.60 7.59 7.59 83.78 63628.75
2003/01/17 10:09 7.59 7.59 7.58 7.59 50.41 38232.75
2003/01/17 10:10 7.58 7.58 7.57 7.57 98.59 74721.25
2003/01/17 10:11 7.57 7.57 7.56 7.56 41.00 31027.00
2003/01/17 10:12 7.57 7.57 7.56 7.56 47.00 35557.00
2003/01/17 10:13 7.57 7.57 7.56 7.56 17.00 12857.00
2003/01/17 10:14 7.57 7.57 7.57 7.57 53.20 40272.38
2003/01/17 10:15 7.57 7.58 7.57 7.58 47.41 35891.75
2003/01/17 10:16 7.59 7.59 7.58 7.58 16.40 12435.25
2003/01/17 10:17 7.58 7.59 7.58 7.58 66.20 50184.63
2003/01/17 10:18 7.59 7.59 7.58 7.58 47.99 36381.38
2003/01/17 10:19 7.58 7.58 7.58 7.58 13.01 9861.63
2003/01/17 10:20 7.57 7.58 7.57 7.58 23.00 17424.00
2003/01/17 10:21 7.58 7.58 7.58 7.58 0.00 0.00
2003/01/17 10:22 7.57 7.59 7.57 7.59 62.00 46954.00
2003/01/17 10:23 7.58 7.58 7.58 7.58 5.00 3790.00
2003/01/17 10:24 7.58 7.58 7.58 7.58 0.00 0.00
2003/01/17 10:25 7.58 7.58 7.58 7.58 50.00 37900.00
2003/01/17 10:26 7.58 7.58 7.58 7.58 36.00 27288.00
2003/01/17 10:27 7.57 7.57 7.57 7.57 15.00 11355.00
2003/01/17 10:28 7.58 7.58 7.58 7.58 36.00 27288.00
2003/01/17 10:29 7.57 7.58 7.57 7.57 70.00 52995.13
2003/01/17 10:30 7.58 7.58 7.57 7.57 12.00 9094.00
2003/01/17 10:31 7.58 7.58 7.57 7.57 76.00 57602.00
2003/01/17 10:32 7.57 7.57 7.57 7.57 0.00 0.00
2003/01/17 10:33 7.58 7.58 7.58 7.58 40.60 30774.75
2003/01/17 10:34 7.58 7.58 7.58 7.58 41.00 31078.00
2003/01/17 10:35 7.58 7.58 7.58 7.58 10.00 7580.00
2003/01/17 10:36 7.57 7.59 7.57 7.59 121.00 91611.00
2003/01/17 10:37 7.58 7.58 7.58 7.58 20.00 15160.00
2003/01/17 10:38 7.58 7.58 7.58 7.58 0.00 0.00
2003/01/17 10:39 7.59 7.59 7.58 7.58 77.80 59002.50
2003/01/17 10:40 7.59 7.59 7.58 7.58 12.00 9101.00
2003/01/17 10:41 7.58 7.58 7.58 7.58 23.00 17434.00
2003/01/17 10:42 7.59 7.59 7.58 7.58 24.60 18656.75
2003/01/17 10:43 7.57 7.57 7.57 7.57 35.00 26495.00
2003/01/17 10:44 7.57 7.57 7.57 7.57 10.00 7570.00
2003/01/17 10:45 7.57 7.57 7.57 7.57 38.00 28766.00
2003/01/17 10:46 7.57 7.57 7.57 7.57 14.60 11052.25
2003/01/17 10:47 7.57 7.57 7.57 7.57 29.00 21953.00
2003/01/17 10:48 7.56 7.57 7.56 7.57 57.20 43258.50
2003/01/17 10:49 7.56 7.56 7.56 7.56 100.00 75600.00
2003/01/17 10:50 7.57 7.57 7.56 7.56 38.00 28738.00
2003/01/17 10:51 7.57 7.57 7.57 7.57 4.00 3028.00
2003/01/17 10:52 7.57 7.57 7.57 7.57 5.00 3785.00
2003/01/17 10:53 7.57 7.57 7.57 7.57 68.00 51476.00
2003/01/17 10:54 7.55 7.57 7.55 7.55 136.00 102692.00
2003/01/17 10:55 7.55 7.55 7.54 7.54 40.80 30799.00
2003/01/17 10:56 7.54 7.54 7.53 7.53 112.00 84368.00
2003/01/17 10:57 7.50 7.50 7.50 7.50 110.00 82500.00
2003/01/17 10:58 7.53 7.53 7.50 7.50 100.00 75030.00
2003/01/17 10:59 7.51 7.51 7.51 7.51 161.00 120911.00
2003/01/17 11:00 7.53 7.53 7.51 7.51 36.00 27056.00
2003/01/17 11:01 7.52 7.52 7.52 7.52 21.00 15792.00
2003/01/17 11:02 7.52 7.52 7.52 7.52 85.00 63920.00
2003/01/17 11:03 7.51 7.51 7.51 7.51 30.00 22530.00
2003/01/17 11:04 7.53 7.53 7.52 7.52 10.00 7525.00
2003/01/17 11:05 7.51 7.51 7.51 7.51 89.00 66839.00
2003/01/17 11:06 7.53 7.53 7.50 7.50 51.00 38338.25
2003/01/17 11:07 7.54 7.54 7.54 7.54 2.00 1508.00
2003/01/17 11:08 7.52 7.54 7.52 7.54 66.00 49664.00
2003/01/17 11:09 7.55 7.55 7.55 7.55 124.80 94224.00
2003/01/17 11:10 7.54 7.55 7.54 7.54 50.00 37703.00
2003/01/17 11:11 7.54 7.54 7.54 7.54 10.20 7690.75
2003/01/17 11:12 7.53 7.54 7.53 7.54 75.00 56535.00
2003/01/17 11:13 7.53 7.53 7.52 7.52 41.00 30837.00
2003/01/17 11:14 7.52 7.52 7.51 7.51 58.00 43612.00
2003/01/17 11:15 7.51 7.51 7.51 7.51 0.00 0.00
2003/01/17 11:16 7.51 7.51 7.51 7.51 0.00 0.00
2003/01/17 11:17 7.51 7.51 7.51 7.51 171.00 128421.00
2003/01/17 11:18 7.50 7.50 7.50 7.50 183.00 137250.00
2003/01/17 11:19 7.48 7.48 7.48 7.48 185.00 138380.25
2003/01/17 11:20 7.48 7.50 7.48 7.50 126.80 95012.00
2003/01/17 11:21 7.50 7.52 7.50 7.52 57.00 42820.00
2003/01/17 11:22 7.52 7.52 7.52 7.52 10.00 7520.00
2003/01/17 11:23 7.51 7.51 7.51 7.51 39.00 29289.00
2003/01/17 11:24 7.53 7.53 7.53 7.53 20.00 15060.00
2003/01/17 11:25 7.51 7.51 7.51 7.51 12.47 9365.00
2003/01/17 11:26 7.51 7.51 7.51 7.51 0.00 0.00
2003/01/17 11:27 7.53 7.53 7.53 7.53 27.00 20331.00
2003/01/17 11:28 7.52 7.53 7.52 7.53 22.00 16556.00
2003/01/17 11:29 7.53 7.53 7.53 7.53 31.00 23343.00
2003/01/17 11:30 7.53 7.53 7.53 7.53 27.00 20331.00
2003/01/17 11:31 7.53 7.53 7.50 7.50 307.00 231054.00
2003/01/17 13:02 7.53 7.53 7.53 7.53 4.00 3012.00
2003/01/17 13:03 7.55 7.55 7.55 7.55 39.72 29988.50
2003/01/17 13:04 7.55 7.55 7.55 7.55 11.52 8697.50
2003/01/17 13:05 7.55 7.56 7.55 7.55 73.76 55699.00
2003/01/17 13:06 7.55 7.55 7.55 7.55 0.00 0.00
2003/01/17 13:07 7.53 7.53 7.53 7.53 12.00 9036.00
2003/01/17 13:08 7.53 7.53 7.53 7.53 0.00 0.00
2003/01/17 13:09 7.53 7.53 7.53 7.53 10.00 7530.00
2003/01/17 13:10 7.53 7.53 7.53 7.53 0.00 0.00
2003/01/17 13:11 7.53 7.53 7.53 7.53 0.00 0.00
2003/01/17 13:12 7.53 7.53 7.53 7.53 0.00 0.00
2003/01/17 13:13 7.54 7.54 7.54 7.54 8.00 6032.00
2003/01/17 13:14 7.54 7.54 7.54 7.54 14.00 10556.00
2003/01/17 13:15 7.54 7.55 7.54 7.55 12.00 9058.00
2003/01/17 13:16 7.54 7.54 7.54 7.54 5.00 3770.00
2003/01/17 13:17 7.54 7.54 7.54 7.54 2.00 1508.00
2003/01/17 13:18 7.50 7.50 7.50 7.50 120.00 90000.00
2003/01/17 13:19 7.50 7.50 7.50 7.50 0.00 0.00
2003/01/17 13:20 7.50 7.50 7.50 7.50 0.00 0.00
2003/01/17 13:21 7.51 7.54 7.51 7.54 33.00 24792.00
2003/01/17 13:22 7.52 7.52 7.52 7.52 5.00 3760.00
2003/01/17 13:23 7.54 7.54 7.50 7.50 151.00 113254.00
2003/01/17 13:24 7.52 7.52 7.50 7.50 159.80 119901.50
2003/01/17 13:25 7.52 7.52 7.50 7.50 69.60 52232.00
2003/01/17 13:26 7.50 7.52 7.50 7.52 5.00 3758.00
2003/01/17 13:27 7.52 7.52 7.52 7.52 4.00 3008.00
2003/01/17 13:28 7.52 7.52 7.52 7.52 40.00 30080.00
2003/01/17 13:29 7.52 7.54 7.50 7.54 123.15 92425.00
2003/01/17 13:30 7.54 7.54 7.54 7.54 6.85 5164.50
2003/01/17 13:31 7.53 7.53 7.53 7.53 15.00 11295.00
2003/01/17 13:32 7.52 7.52 7.50 7.52 146.44 109923.00
2003/01/17 13:33 7.50 7.50 7.50 7.50 23.89 17917.50
2003/01/17 13:34 7.50 7.50 7.49 7.49 38.00 28477.00
2003/01/17 13:35 7.50 7.50 7.50 7.50 50.00 37500.00
2003/01/17 13:36 7.50 7.50 7.50 7.50 12.91 9682.50
2003/01/17 13:37 7.50 7.50 7.50 7.50 0.00 0.00
2003/01/17 13:38 7.50 7.50 7.50 7.50 8.00 6000.00
2003/01/17 13:39 7.52 7.52 7.52 7.52 13.00 9776.00
2003/01/17 13:40 7.52 7.52 7.52 7.52 12.96 9746.00
2003/01/17 13:41 7.52 7.52 7.52 7.52 47.04 35374.00
2003/01/17 13:42 7.52 7.52 7.52 7.52 0.00 0.00
2003/01/17 13:43 7.52 7.52 7.52 7.52 64.00 48128.00
2003/01/17 13:44 7.52 7.52 7.50 7.50 95.00 71310.00
2003/01/17 13:45 7.50 7.50 7.50 7.50 60.00 45000.00
2003/01/17 13:46 7.51 7.52 7.51 7.52 4.00 3005.00
2003/01/17 13:47 7.50 7.50 7.50 7.50 49.00 36750.00
2003/01/17 13:48 7.50 7.50 7.50 7.50 17.20 12900.00
2003/01/17 13:49 7.50 7.50 7.50 7.50 15.20 11400.00
2003/01/17 13:50 7.50 7.50 7.50 7.50 40.60 30450.00
2003/01/17 13:51 7.50 7.50 7.50 7.50 15.00 11250.00
2003/01/17 13:52 7.50 7.50 7.50 7.50 13.00 9750.00
2003/01/17 13:53 7.50 7.50 7.50 7.50 37.09 27817.50
2003/01/17 13:54 7.49 7.49 7.49 7.49 15.00 11235.00
2003/01/17 13:55 7.50 7.50 7.50 7.50 48.51 36382.50
2003/01/17 13:56 7.50 7.50 7.50 7.50 5.00 3750.00
2003/01/17 13:57 7.50 7.50 7.50 7.50 0.00 0.00
2003/01/17 13:58 7.50 7.50 7.50 7.50 15.00 11250.00
2003/01/17 13:59 7.51 7.51 7.51 7.51 3.00 2253.00
2003/01/17 14:00 7.52 7.52 7.52 7.52 3.00 2256.00
2003/01/17 14:01 7.51 7.51 7.51 7.51 5.00 3755.00
2003/01/17 14:02 7.52 7.53 7.51 7.53 32.00 24068.00
2003/01/17 14:03 7.51 7.51 7.51 7.51 16.00 12016.00
2003/01/17 14:04 7.51 7.51 7.51 7.51 47.92 35988.00
2003/01/17 14:05 7.51 7.51 7.51 7.51 0.00 0.00
2003/01/17 14:06 7.51 7.51 7.51 7.51 30.00 22530.00
2003/01/17 14:07 7.52 7.52 7.52 7.52 15.48 11640.50
2003/01/17 14:08 7.52 7.52 7.52 7.52 15.00 11280.00
2003/01/17 14:09 7.52 7.52 7.52 7.52 0.00 0.00
2003/01/17 14:10 7.51 7.51 7.51 7.51 11.52 8651.50
2003/01/17 14:11 7.53 7.53 7.53 7.53 25.00 18825.00
2003/01/17 14:12 7.53 7.54 7.53 7.54 97.96 73808.00
2003/01/17 14:13 7.54 7.55 7.53 7.55 24.00 18094.00
2003/01/17 14:14 7.54 7.57 7.54 7.54 59.00 44552.00
2003/01/17 14:15 7.57 7.57 7.57 7.57 41.00 31037.00
2003/01/17 14:16 7.58 7.58 7.58 7.58 60.00 45480.00
2003/01/17 14:17 7.58 7.58 7.58 7.58 43.00 32594.00
2003/01/17 14:18 7.58 7.58 7.57 7.57 149.00 112812.00
2003/01/17 14:19 7.57 7.57 7.57 7.57 41.00 31037.00
2003/01/17 14:20 7.56 7.57 7.56 7.57 70.00 52985.00
2003/01/17 14:21 7.57 7.57 7.57 7.57 0.00 0.00
2003/01/17 14:22 7.55 7.55 7.55 7.55 9.00 6795.00
2003/01/17 14:23 7.54 7.55 7.54 7.55 19.00 14340.00
2003/01/17 14:24 7.55 7.55 7.55 7.55 0.00 0.00
2003/01/17 14:25 7.55 7.55 7.55 7.55 4.00 3020.00
2003/01/17 14:26 7.55 7.55 7.55 7.55 0.00 0.00
2003/01/17 14:27 7.54 7.54 7.54 7.54 65.00 49010.00
2003/01/17 14:28 7.54 7.54 7.54 7.54 10.00 7540.00
2003/01/17 14:29 7.53 7.53 7.53 7.53 53.20 40060.00
2003/01/17 14:30 7.53 7.53 7.53 7.53 86.00 64758.00
2003/01/17 14:31 7.53 7.54 7.53 7.53 67.00 50461.00
2003/01/17 14:32 7.53 7.53 7.53 7.53 10.00 7530.00
2003/01/17 14:33 7.53 7.53 7.52 7.52 63.80 48038.50
2003/01/17 14:34 7.53 7.53 7.53 7.53 33.00 24849.00
2003/01/17 14:35 7.53 7.53 7.52 7.52 78.00 58696.00
2003/01/17 14:36 7.52 7.52 7.52 7.52 25.00 18800.00
2003/01/17 14:37 7.51 7.51 7.51 7.51 70.00 52570.00
2003/01/17 14:38 7.51 7.51 7.51 7.51 18.95 14231.50
2003/01/17 14:39 7.51 7.51 7.50 7.50 54.00 40514.00
2003/01/17 14:40 7.50 7.50 7.50 7.50 0.00 0.00
2003/01/17 14:41 7.51 7.51 7.51 7.51 39.00 29289.00
2003/01/17 14:42 7.51 7.52 7.51 7.52 25.19 18922.50
2003/01/17 14:43 7.53 7.53 7.53 7.53 30.00 22590.00
2003/01/17 14:44 7.53 7.53 7.53 7.53 9.00 6777.00
2003/01/17 14:45 7.55 7.55 7.55 7.55 22.00 16610.00
2003/01/17 14:46 7.52 7.55 7.52 7.55 30.20 22740.50
2003/01/17 14:47 7.52 7.55 7.52 7.55 6.00 4527.00
2003/01/17 14:48 7.53 7.53 7.53 7.53 30.00 22590.00
2003/01/17 14:49 7.55 7.55 7.53 7.53 50.00 37730.00
2003/01/17 14:50 7.53 7.54 7.53 7.54 24.00 18074.00
2003/01/17 14:51 7.53 7.53 7.53 7.53 3.00 2259.00
2003/01/17 14:52 7.53 7.53 7.53 7.53 13.00 9789.00
2003/01/17 14:53 7.53 7.53 7.53 7.53 27.00 20331.00
2003/01/17 14:54 7.53 7.53 7.53 7.53 0.00 0.00
2003/01/17 14:55 7.53 7.54 7.53 7.54 46.00 34674.00
2003/01/17 14:56 7.52 7.53 7.52 7.53 56.00 42158.00
2003/01/17 14:57 7.52 7.53 7.52 7.53 42.00 31614.00
2003/01/17 14:58 7.52 7.52 7.52 7.52 178.00 133856.00
2003/01/17 14:59 7.52 7.52 7.52 7.52 16.00 12032.00
2003/01/17 15:00 7.52 7.53 7.52 7.52 28.00 21573.50
