2003/01/02 09:31 6.84 6.84 6.81 6.81 42.00 28662.00
2003/01/02 09:32 6.81 6.81 6.81 6.81 0.00 0.00
2003/01/02 09:33 6.80 6.80 6.80 6.80 5.00 3400.00
2003/01/02 09:34 6.80 6.80 6.80 6.80 5.00 3400.00
2003/01/02 09:35 6.80 6.80 6.80 6.80 2.00 1360.00
2003/01/02 09:36 6.72 6.81 6.72 6.81 46.00 31002.00
2003/01/02 09:37 6.80 6.80 6.80 6.80 20.00 13600.00
2003/01/02 09:38 6.80 6.80 6.80 6.80 0.00 0.00
2003/01/02 09:39 6.80 6.80 6.80 6.80 18.00 12240.00
2003/01/02 09:40 6.80 6.80 6.80 6.80 0.00 0.00
2003/01/02 09:41 6.81 6.81 6.81 6.81 14.00 9534.00
2003/01/02 09:42 6.82 6.82 6.82 6.82 40.00 27280.00
2003/01/02 09:43 6.82 6.82 6.82 6.82 0.00 0.00
2003/01/02 09:44 6.83 6.83 6.83 6.83 20.00 13660.00
2003/01/02 09:45 6.83 6.83 6.83 6.83 15.00 10245.00
2003/01/02 09:46 6.84 6.84 6.83 6.83 17.00 11621.00
2003/01/02 09:47 6.83 6.83 6.83 6.83 0.00 0.00
2003/01/02 09:48 6.83 6.83 6.83 6.83 0.00 0.00
2003/01/02 09:49 6.86 6.86 6.85 6.85 29.00 19885.00
2003/01/02 09:50 6.85 6.85 6.85 6.85 2.00 1370.00
2003/01/02 09:51 6.85 6.85 6.85 6.85 2.24 1534.41
2003/01/02 09:52 6.85 6.85 6.85 6.85 10.00 6850.00
2003/01/02 09:53 6.85 6.85 6.85 6.85 10.00 6850.00
2003/01/02 09:54 6.85 6.85 6.85 6.85 15.00 10275.00
2003/01/02 09:55 6.85 6.85 6.85 6.85 16.44 11261.41
2003/01/02 09:56 6.87 6.87 6.85 6.85 49.32 33786.20
2003/01/02 09:57 6.84 6.85 6.84 6.85 8.40 5747.61
2003/01/02 09:58 6.84 6.84 6.84 6.84 29.60 20246.41
2003/01/02 09:59 6.83 6.83 6.83 6.83 27.76 18960.09
2003/01/02 10:00 6.84 6.84 6.84 6.84 5.40 3693.59
2003/01/02 10:01 6.85 6.85 6.85 6.85 3.00 2055.00
2003/01/02 10:02 6.85 6.85 6.85 6.85 0.00 0.00
2003/01/02 10:03 6.85 6.85 6.83 6.83 76.24 52081.91
2003/01/02 10:04 6.83 6.83 6.82 6.82 10.00 6827.00
2003/01/02 10:05 6.83 6.83 6.83 6.83 24.00 16392.00
2003/01/02 10:06 6.83 6.83 6.83 6.83 3.00 2049.00
2003/01/02 10:07 6.83 6.83 6.83 6.83 5.00 3415.00
2003/01/02 10:08 6.83 6.83 6.83 6.83 5.00 3415.00
2003/01/02 10:09 6.82 6.82 6.82 6.82 24.68 16831.75
2003/01/02 10:10 6.83 6.83 6.83 6.83 3.00 2049.00
2003/01/02 10:11 6.83 6.83 6.83 6.83 0.00 0.00
2003/01/02 10:12 6.83 6.83 6.83 6.83 33.00 22539.00
2003/01/02 10:13 6.83 6.83 6.83 6.83 89.56 61169.47
2003/01/02 10:14 6.83 6.83 6.83 6.83 0.00 0.00
2003/01/02 10:15 6.87 6.87 6.86 6.86 31.00 21275.00
2003/01/02 10:16 6.89 6.89 6.89 6.89 5.00 3445.00
2003/01/02 10:17 6.89 6.89 6.89 6.89 0.00 0.00
2003/01/02 10:18 6.89 6.89 6.89 6.89 0.00 0.00
2003/01/02 10:19 6.90 6.90 6.90 6.90 5.00 3450.00
2003/01/02 10:20 6.90 6.90 6.90 6.90 3.00 2070.03
2003/01/02 10:21 6.90 6.90 6.89 6.89 22.00 15170.00
2003/01/02 10:22 6.89 6.89 6.89 6.89 0.00 0.00
2003/01/02 10:23 6.88 6.88 6.88 6.88 10.00 6880.00
2003/01/02 10:24 6.88 6.88 6.88 6.88 0.00 0.00
2003/01/02 10:25 6.88 6.88 6.88 6.88 0.00 0.00
2003/01/02 10:26 6.87 6.87 6.86 6.87 20.00 13733.00
2003/01/02 10:27 6.86 6.86 6.86 6.86 3.00 2058.00
2003/01/02 10:28 6.86 6.86 6.86 6.86 0.00 0.00
2003/01/02 10:29 6.86 6.86 6.86 6.86 0.00 0.00
2003/01/02 10:30 6.85 6.85 6.85 6.85 5.00 3425.00
2003/01/02 10:31 6.85 6.85 6.85 6.85 0.00 0.00
2003/01/02 10:32 6.83 6.83 6.83 6.83 30.00 20490.00
2003/01/02 10:33 6.83 6.83 6.83 6.83 0.00 0.00
2003/01/02 10:34 6.83 6.83 6.83 6.83 0.00 0.00
2003/01/02 10:35 6.85 6.85 6.85 6.85 19.00 13015.00
2003/01/02 10:36 6.85 6.85 6.85 6.85 0.00 0.00
2003/01/02 10:37 6.85 6.85 6.85 6.85 0.00 0.00
2003/01/02 10:38 6.85 6.85 6.84 6.84 18.00 12322.00
2003/01/02 10:39 6.84 6.84 6.84 6.84 0.00 0.00
2003/01/02 10:40 6.83 6.83 6.83 6.83 5.00 3415.00
2003/01/02 10:41 6.83 6.84 6.83 6.84 16.00 10939.00
2003/01/02 10:42 6.84 6.84 6.84 6.84 100.00 68400.00
2003/01/02 10:43 6.83 6.84 6.83 6.84 10.00 6835.00
2003/01/02 10:44 6.83 6.83 6.83 6.83 16.80 11474.38
2003/01/02 10:45 6.83 6.83 6.83 6.83 15.00 10245.00
2003/01/02 10:46 6.83 6.83 6.83 6.83 6.00 4098.00
2003/01/02 10:47 6.83 6.83 6.83 6.83 0.00 0.00
2003/01/02 10:48 6.83 6.83 6.83 6.83 0.00 0.00
2003/01/02 10:49 6.83 6.83 6.83 6.83 0.00 0.00
2003/01/02 10:50 6.83 6.83 6.83 6.83 0.00 0.00
2003/01/02 10:51 6.83 6.83 6.83 6.83 0.00 0.00
2003/01/02 10:52 6.83 6.83 6.83 6.83 0.00 0.00
2003/01/02 10:53 6.83 6.83 6.83 6.83 0.00 0.00
2003/01/02 10:54 6.84 6.84 6.84 6.84 20.00 13680.00
2003/01/02 10:55 6.84 6.84 6.84 6.84 0.00 0.00
2003/01/02 10:56 6.84 6.84 6.82 6.82 48.00 32744.00
2003/01/02 10:57 6.82 6.82 6.82 6.82 0.00 0.00
2003/01/02 10:58 6.82 6.82 6.82 6.82 0.00 0.00
2003/01/02 10:59 6.83 6.83 6.83 6.83 14.00 9562.00
2003/01/02 11:00 6.83 6.83 6.83 6.83 0.00 0.00
2003/01/02 11:01 6.82 6.82 6.82 6.82 15.00 10230.00
2003/01/02 11:02 6.84 6.84 6.82 6.82 77.00 52552.00
2003/01/02 11:03 6.82 6.82 6.82 6.82 0.00 0.00
2003/01/02 11:04 6.82 6.82 6.82 6.82 0.00 0.00
2003/01/02 11:05 6.82 6.82 6.81 6.81 22.96 15653.75
2003/01/02 11:06 6.80 6.80 6.78 6.78 178.00 120994.00
2003/01/02 11:07 6.78 6.78 6.78 6.78 5.00 3390.00
2003/01/02 11:08 6.78 6.78 6.76 6.76 23.00 15554.00
2003/01/02 11:09 6.76 6.76 6.75 6.75 204.00 137723.00
2003/01/02 11:10 6.73 6.76 6.73 6.76 57.00 38502.00
2003/01/02 11:11 6.76 6.76 6.76 6.76 0.00 0.00
2003/01/02 11:12 6.75 6.75 6.73 6.73 43.00 28997.00
2003/01/02 11:13 6.73 6.73 6.73 6.73 0.00 0.00
2003/01/02 11:14 6.75 6.75 6.70 6.70 260.00 174225.00
2003/01/02 11:15 6.70 6.70 6.70 6.70 75.00 50250.00
2003/01/02 11:16 6.75 6.75 6.75 6.75 4.00 2700.00
2003/01/02 11:17 6.75 6.75 6.75 6.75 6.00 4050.00
2003/01/02 11:18 6.75 6.75 6.75 6.75 5.00 3375.00
2003/01/02 11:19 6.74 6.74 6.74 6.74 13.00 8762.00
2003/01/02 11:20 6.75 6.75 6.75 6.75 11.00 7425.00
2003/01/02 11:21 6.75 6.75 6.75 6.75 0.00 0.00
2003/01/02 11:22 6.75 6.75 6.75 6.75 0.00 0.00
2003/01/02 11:23 6.75 6.75 6.75 6.75 51.00 34425.00
2003/01/02 11:24 6.75 6.75 6.75 6.75 24.00 16200.00
2003/01/02 11:25 6.75 6.75 6.75 6.75 0.00 0.00
2003/01/02 11:26 6.73 6.73 6.73 6.73 60.00 40380.00
2003/01/02 11:27 6.73 6.73 6.73 6.73 0.00 0.00
2003/01/02 11:28 6.71 6.71 6.71 6.71 20.00 13420.00
2003/01/02 11:29 6.70 6.70 6.70 6.70 40.00 26800.00
2003/01/02 11:30 6.70 6.70 6.70 6.70 14.00 9380.00
2003/01/02 11:31 6.73 6.73 6.71 6.71 151.00 101810.00
2003/01/02 13:02 6.71 6.71 6.71 6.71 0.00 0.00
2003/01/02 13:03 6.71 6.71 6.71 6.71 29.92 20076.00
2003/01/02 13:04 6.71 6.71 6.71 6.71 0.08 54.00
2003/01/02 13:05 6.73 6.73 6.73 6.73 55.00 36976.00
2003/01/02 13:06 6.70 6.70 6.70 6.70 36.00 24148.00
2003/01/02 13:07 6.70 6.70 6.70 6.70 0.00 0.00
2003/01/02 13:08 6.73 6.73 6.73 6.73 10.00 6730.00
2003/01/02 13:09 6.73 6.73 6.73 6.73 0.00 0.00
2003/01/02 13:10 6.72 6.72 6.72 6.72 44.40 29837.00
2003/01/02 13:11 6.72 6.72 6.72 6.72 7.20 4838.00
2003/01/02 13:12 6.73 6.73 6.73 6.73 11.92 8022.00
2003/01/02 13:13 6.75 6.75 6.75 6.75 3.00 2025.00
2003/01/02 13:14 6.75 6.75 6.75 6.75 2.00 1350.00
2003/01/02 13:15 6.76 6.76 6.76 6.76 10.00 6760.00
2003/01/02 13:16 6.75 6.76 6.75 6.76 14.00 9457.00
2003/01/02 13:17 6.76 6.76 6.76 6.76 27.00 18252.00
2003/01/02 13:18 6.76 6.76 6.76 6.76 0.00 0.00
2003/01/02 13:19 6.76 6.76 6.75 6.75 14.00 9454.00
2003/01/02 13:20 6.76 6.76 6.76 6.76 10.00 6760.00
2003/01/02 13:21 6.76 6.76 6.76 6.76 5.00 3380.00
2003/01/02 13:22 6.75 6.75 6.75 6.75 5.00 3375.00
2003/01/02 13:23 6.75 6.75 6.75 6.75 3.00 2025.00
2003/01/02 13:24 6.75 6.75 6.75 6.75 0.00 0.00
2003/01/02 13:25 6.75 6.75 6.75 6.75 10.00 6750.00
2003/01/02 13:26 6.76 6.76 6.75 6.75 78.00 52660.00
2003/01/02 13:27 6.75 6.75 6.75 6.75 5.00 3375.00
2003/01/02 13:28 6.75 6.75 6.75 6.75 5.00 3375.00
2003/01/02 13:29 6.75 6.75 6.75 6.75 0.00 0.00
2003/01/02 13:30 6.75 6.75 6.75 6.75 0.00 0.00
2003/01/02 13:31 6.75 6.75 6.75 6.75 0.00 0.00
2003/01/02 13:32 6.73 6.73 6.73 6.73 3.00 2019.00
2003/01/02 13:33 6.72 6.73 6.72 6.73 15.00 10083.00
2003/01/02 13:34 6.74 6.74 6.74 6.74 5.00 3366.00
2003/01/02 13:35 6.72 6.72 6.72 6.72 5.00 3360.00
2003/01/02 13:36 6.70 6.70 6.70 6.70 60.00 40305.00
2003/01/02 13:37 6.70 6.70 6.70 6.70 0.00 0.00
2003/01/02 13:38 6.70 6.70 6.70 6.70 0.00 0.00
2003/01/02 13:39 6.73 6.74 6.73 6.74 6.00 4041.00
2003/01/02 13:40 6.74 6.74 6.74 6.74 0.00 0.00
2003/01/02 13:41 6.74 6.74 6.74 6.74 5.00 3370.00
2003/01/02 13:42 6.74 6.74 6.74 6.74 10.00 6740.00
2003/01/02 13:43 6.74 6.74 6.74 6.74 0.00 0.00
2003/01/02 13:44 6.73 6.73 6.73 6.73 3.00 2019.00
2003/01/02 13:45 6.73 6.73 6.73 6.73 0.00 0.00
2003/01/02 13:46 6.73 6.73 6.73 6.73 6.00 4038.00
2003/01/02 13:47 6.73 6.73 6.73 6.73 0.00 0.00
2003/01/02 13:48 6.73 6.73 6.73 6.73 5.00 3365.00
2003/01/02 13:49 6.73 6.73 6.73 6.73 16.00 10768.00
2003/01/02 13:50 6.73 6.73 6.73 6.73 5.00 3365.00
2003/01/02 13:51 6.74 6.74 6.74 6.74 2.00 1348.00
2003/01/02 13:52 6.73 6.74 6.73 6.74 21.52 14493.00
2003/01/02 13:53 6.74 6.74 6.74 6.74 4.00 2696.00
2003/01/02 13:54 6.74 6.74 6.74 6.74 5.00 3370.00
2003/01/02 13:55 6.74 6.74 6.74 6.74 0.00 0.00
2003/01/02 13:56 6.74 6.74 6.74 6.74 10.00 6740.00
2003/01/02 13:57 6.73 6.73 6.73 6.73 40.00 26920.00
2003/01/02 13:58 6.73 6.73 6.73 6.73 3.48 2342.00
2003/01/02 13:59 6.74 6.74 6.74 6.74 20.00 13478.00
2003/01/02 14:00 6.74 6.74 6.74 6.74 8.12 5473.00
2003/01/02 14:01 6.74 6.74 6.74 6.74 0.00 0.00
2003/01/02 14:02 6.74 6.74 6.74 6.74 31.88 21517.00
2003/01/02 14:03 6.75 6.75 6.75 6.75 70.92 47817.00
2003/01/02 14:04 6.75 6.75 6.75 6.75 3.00 2025.00
2003/01/02 14:05 6.76 6.76 6.76 6.76 20.00 13520.00
2003/01/02 14:06 6.76 6.76 6.76 6.76 80.00 54080.00
2003/01/02 14:07 6.75 6.76 6.75 6.76 36.00 24324.00
2003/01/02 14:08 6.76 6.76 6.76 6.76 19.00 12844.00
2003/01/02 14:09 6.75 6.76 6.75 6.76 12.00 8110.00
2003/01/02 14:10 6.76 6.76 6.76 6.76 30.00 20280.00
2003/01/02 14:11 6.76 6.76 6.76 6.76 21.00 14196.00
2003/01/02 14:12 6.76 6.76 6.76 6.76 26.00 17576.00
2003/01/02 14:13 6.76 6.76 6.76 6.76 0.00 0.00
2003/01/02 14:14 6.76 6.76 6.76 6.76 16.00 10816.00
2003/01/02 14:15 6.76 6.76 6.76 6.76 7.00 4732.00
2003/01/02 14:16 6.75 6.75 6.75 6.75 2.00 1350.00
2003/01/02 14:17 6.76 6.76 6.76 6.76 3.00 2028.00
2003/01/02 14:18 6.73 6.73 6.73 6.73 28.00 18880.00
2003/01/02 14:19 6.73 6.73 6.73 6.73 0.00 0.00
2003/01/02 14:20 6.73 6.73 6.73 6.73 2.00 1346.00
2003/01/02 14:21 6.73 6.73 6.73 6.73 10.00 6730.00
2003/01/02 14:22 6.76 6.76 6.76 6.76 28.00 18928.00
2003/01/02 14:23 6.76 6.76 6.76 6.76 0.00 0.00
2003/01/02 14:24 6.76 6.76 6.76 6.76 8.00 5408.00
2003/01/02 14:25 6.76 6.76 6.76 6.76 10.00 6760.00
2003/01/02 14:26 6.77 6.77 6.76 6.76 24.00 16239.00
2003/01/02 14:27 6.76 6.76 6.76 6.76 0.00 0.00
2003/01/02 14:28 6.74 6.74 6.74 6.74 3.00 2022.00
2003/01/02 14:29 6.74 6.74 6.74 6.74 0.00 0.00
2003/01/02 14:30 6.74 6.74 6.74 6.74 5.00 3370.00
2003/01/02 14:31 6.74 6.74 6.74 6.74 0.00 0.00
2003/01/02 14:32 6.73 6.73 6.73 6.73 50.00 33659.00
2003/01/02 14:33 6.73 6.73 6.73 6.73 40.00 26922.00
2003/01/02 14:34 6.72 6.72 6.72 6.72 59.00 39652.00
2003/01/02 14:35 6.72 6.72 6.71 6.71 26.00 17471.00
2003/01/02 14:36 6.73 6.73 6.72 6.72 8.60 5784.00
2003/01/02 14:37 6.72 6.72 6.72 6.72 7.40 4973.00
2003/01/02 14:38 6.71 6.71 6.71 6.71 8.00 5368.00
2003/01/02 14:39 6.72 6.72 6.72 6.72 2.60 1747.00
2003/01/02 14:40 6.72 6.72 6.72 6.72 6.00 4032.00
2003/01/02 14:41 6.73 6.73 6.73 6.73 2.00 1346.00
2003/01/02 14:42 6.72 6.72 6.72 6.72 6.40 4301.00
2003/01/02 14:43 6.73 6.73 6.73 6.73 14.00 9414.00
2003/01/02 14:44 6.72 6.72 6.72 6.72 10.00 6720.00
2003/01/02 14:45 6.71 6.71 6.71 6.71 30.00 20130.00
2003/01/02 14:46 6.70 6.70 6.70 6.70 43.00 28831.00
2003/01/02 14:47 6.70 6.70 6.70 6.70 120.00 80400.00
2003/01/02 14:48 6.70 6.70 6.70 6.70 74.50 49920.00
2003/01/02 14:49 6.70 6.70 6.70 6.70 3.00 2010.00
2003/01/02 14:50 6.71 6.71 6.71 6.71 22.00 14762.00
2003/01/02 14:51 6.71 6.71 6.71 6.71 10.00 6710.00
2003/01/02 14:52 6.70 6.71 6.70 6.70 103.00 69015.00
2003/01/02 14:53 6.71 6.71 6.71 6.71 1.00 671.00
2003/01/02 14:54 6.71 6.71 6.70 6.70 48.00 32195.00
2003/01/02 14:55 6.71 6.72 6.71 6.71 27.00 18126.00
2003/01/02 14:56 6.71 6.71 6.71 6.71 60.00 40210.00
2003/01/02 14:57 6.70 6.71 6.70 6.70 46.50 31149.00
2003/01/02 14:58 6.71 6.71 6.70 6.70 15.00 10051.00
2003/01/02 14:59 6.71 6.71 6.69 6.69 32.00 21451.00
2003/01/02 15:01 6.68 6.68 6.68 6.68 50.00 33443.00
