2003/01/24 09:31 7.41 7.42 7.41 7.42 29.00 21494.00
2003/01/24 09:32 7.44 7.44 7.44 7.44 5.00 3720.00
2003/01/24 09:33 7.44 7.44 7.44 7.44 35.00 26040.00
2003/01/24 09:34 7.44 7.44 7.44 7.44 25.00 18600.00
2003/01/24 09:35 7.46 7.46 7.44 7.44 14.00 10436.00
2003/01/24 09:36 7.44 7.44 7.44 7.44 0.00 0.00
2003/01/24 09:37 7.45 7.45 7.45 7.45 10.00 7462.00
2003/01/24 09:38 7.48 7.48 7.48 7.48 10.00 7480.00
2003/01/24 09:39 7.48 7.48 7.48 7.48 0.00 0.00
2003/01/24 09:40 7.48 7.48 7.48 7.48 40.00 29920.00
2003/01/24 09:41 7.48 7.48 7.48 7.48 5.00 3740.00
2003/01/24 09:42 7.47 7.49 7.47 7.49 63.40 47516.00
2003/01/24 09:43 7.49 7.49 7.49 7.49 10.00 7490.00
2003/01/24 09:44 7.48 7.48 7.48 7.48 4.00 2992.00
2003/01/24 09:45 7.46 7.46 7.45 7.45 58.60 43716.00
2003/01/24 09:46 7.46 7.46 7.45 7.45 10.00 7455.00
2003/01/24 09:47 7.44 7.44 7.44 7.44 8.00 5955.00
2003/01/24 09:48 7.44 7.44 7.44 7.44 10.00 7446.00
2003/01/24 09:49 7.44 7.44 7.44 7.44 13.80 10267.00
2003/01/24 09:50 7.46 7.46 7.46 7.46 13.00 9692.00
2003/01/24 09:51 7.46 7.46 7.44 7.44 46.00 34284.00
2003/01/24 09:52 7.46 7.46 7.46 7.46 17.40 12981.00
2003/01/24 09:53 7.46 7.46 7.46 7.46 1.00 746.00
2003/01/24 09:54 7.46 7.46 7.46 7.46 0.00 0.00
2003/01/24 09:55 7.48 7.48 7.48 7.48 40.00 29920.00
2003/01/24 09:56 7.49 7.49 7.49 7.49 10.00 7490.00
2003/01/24 09:57 7.48 7.48 7.48 7.48 19.00 14215.00
2003/01/24 09:58 7.48 7.48 7.48 7.48 18.00 13464.00
2003/01/24 09:59 7.48 7.48 7.45 7.45 198.00 147696.00
2003/01/24 10:00 7.45 7.45 7.45 7.45 3.00 2235.00
2003/01/24 10:01 7.45 7.46 7.44 7.44 296.20 220465.00
2003/01/24 10:02 7.44 7.44 7.44 7.44 9.80 7291.00
2003/01/24 10:03 7.46 7.46 7.45 7.45 48.00 35797.00
2003/01/24 10:04 7.45 7.45 7.45 7.45 12.00 8940.00
2003/01/24 10:05 7.45 7.46 7.45 7.46 12.00 8942.00
2003/01/24 10:06 7.47 7.47 7.46 7.46 17.00 12697.00
2003/01/24 10:07 7.46 7.46 7.46 7.46 20.00 14920.00
2003/01/24 10:08 7.46 7.46 7.46 7.46 3.00 2238.00
2003/01/24 10:09 7.45 7.45 7.45 7.45 45.00 33525.00
2003/01/24 10:10 7.44 7.44 7.44 7.44 6.00 4464.00
2003/01/24 10:11 7.43 7.43 7.43 7.43 200.00 148700.00
2003/01/24 10:12 7.43 7.43 7.43 7.43 27.00 20066.00
2003/01/24 10:13 7.43 7.43 7.43 7.43 14.00 10402.00
2003/01/24 10:14 7.43 7.43 7.43 7.43 0.00 0.00
2003/01/24 10:15 7.45 7.45 7.45 7.45 31.00 23089.00
2003/01/24 10:16 7.45 7.45 7.45 7.45 6.00 4470.00
2003/01/24 10:17 7.45 7.45 7.45 7.45 22.00 16390.00
2003/01/24 10:18 7.45 7.45 7.44 7.44 15.00 11170.00
2003/01/24 10:19 7.44 7.44 7.44 7.44 10.00 7440.00
2003/01/24 10:20 7.42 7.42 7.42 7.42 100.00 74282.00
2003/01/24 10:21 7.42 7.42 7.42 7.42 84.00 62360.00
2003/01/24 10:22 7.42 7.42 7.42 7.42 16.00 11880.00
2003/01/24 10:23 7.44 7.44 7.42 7.42 15.00 11140.00
2003/01/24 10:24 7.42 7.42 7.42 7.42 0.00 0.00
2003/01/24 10:25 7.42 7.42 7.42 7.42 0.00 0.00
2003/01/24 10:26 7.42 7.42 7.42 7.42 30.00 22270.00
2003/01/24 10:27 7.44 7.44 7.44 7.44 3.00 2232.00
2003/01/24 10:28 7.44 7.44 7.44 7.44 0.00 0.00
2003/01/24 10:29 7.44 7.44 7.44 7.44 0.00 0.00
2003/01/24 10:30 7.42 7.43 7.42 7.43 16.00 11882.00
2003/01/24 10:31 7.42 7.44 7.42 7.44 162.00 120226.00
2003/01/24 10:32 7.43 7.43 7.43 7.43 47.58 35352.00
2003/01/24 10:33 7.43 7.43 7.43 7.43 42.42 31518.00
2003/01/24 10:34 7.43 7.44 7.43 7.44 29.58 21988.00
2003/01/24 10:35 7.44 7.44 7.44 7.44 0.00 0.00
2003/01/24 10:36 7.44 7.44 7.44 7.44 6.00 4464.00
2003/01/24 10:37 7.43 7.44 7.43 7.44 31.00 23054.00
2003/01/24 10:38 7.44 7.44 7.44 7.44 0.00 0.00
2003/01/24 10:39 7.44 7.44 7.44 7.44 0.00 0.00
2003/01/24 10:40 7.43 7.43 7.43 7.43 14.33 10653.00
2003/01/24 10:41 7.43 7.43 7.43 7.43 0.00 0.00
2003/01/24 10:42 7.43 7.43 7.43 7.43 54.40 40419.00
2003/01/24 10:43 7.43 7.43 7.43 7.43 20.00 14860.00
2003/01/24 10:44 7.43 7.43 7.42 7.42 181.20 134585.00
2003/01/24 10:45 7.42 7.42 7.42 7.42 20.00 14840.00
2003/01/24 10:46 7.42 7.42 7.42 7.42 0.00 0.00
2003/01/24 10:47 7.42 7.42 7.42 7.42 48.69 36133.00
2003/01/24 10:48 7.42 7.42 7.42 7.42 0.00 0.00
2003/01/24 10:49 7.41 7.41 7.41 7.41 12.00 8892.00
2003/01/24 10:50 7.41 7.41 7.41 7.41 30.00 22230.00
2003/01/24 10:51 7.41 7.41 7.41 7.41 166.71 123532.00
2003/01/24 10:52 7.42 7.42 7.41 7.41 40.00 29650.00
2003/01/24 10:53 7.42 7.42 7.42 7.42 3.00 2226.00
2003/01/24 10:54 7.42 7.42 7.42 7.42 20.00 14840.00
2003/01/24 10:55 7.41 7.41 7.41 7.41 10.00 7410.00
2003/01/24 10:56 7.42 7.42 7.42 7.42 18.00 13351.00
2003/01/24 10:57 7.42 7.42 7.41 7.42 45.00 33377.00
2003/01/24 10:58 7.41 7.42 7.41 7.42 43.76 32467.00
2003/01/24 10:59 7.42 7.42 7.42 7.42 10.00 7420.00
2003/01/24 11:00 7.41 7.41 7.41 7.41 50.00 37059.00
2003/01/24 11:01 7.42 7.42 7.42 7.42 7.00 5194.00
2003/01/24 11:02 7.42 7.42 7.42 7.42 9.00 6678.00
2003/01/24 11:03 7.42 7.42 7.42 7.42 12.00 8904.00
2003/01/24 11:04 7.42 7.42 7.42 7.42 0.00 0.00
2003/01/24 11:05 7.42 7.43 7.42 7.43 46.00 34152.00
2003/01/24 11:06 7.42 7.42 7.42 7.42 25.00 18550.00
2003/01/24 11:07 7.43 7.43 7.43 7.43 15.00 11145.00
2003/01/24 11:08 7.42 7.42 7.42 7.42 10.00 7420.00
2003/01/24 11:09 7.42 7.42 7.42 7.42 0.00 0.00
2003/01/24 11:10 7.42 7.42 7.42 7.42 0.00 0.00
2003/01/24 11:11 7.43 7.43 7.43 7.43 13.00 9659.00
2003/01/24 11:12 7.43 7.43 7.42 7.42 23.00 17070.00
2003/01/24 11:13 7.43 7.43 7.43 7.43 30.00 22290.00
2003/01/24 11:14 7.43 7.44 7.43 7.44 30.00 22300.00
2003/01/24 11:15 7.44 7.44 7.44 7.44 3.00 2232.00
2003/01/24 11:16 7.44 7.44 7.44 7.44 96.00 71418.00
2003/01/24 11:17 7.45 7.45 7.44 7.44 15.00 11163.00
2003/01/24 11:18 7.45 7.45 7.45 7.45 15.00 11175.00
2003/01/24 11:19 7.45 7.45 7.45 7.45 7.00 5215.00
2003/01/24 11:20 7.45 7.45 7.45 7.45 10.00 7450.00
2003/01/24 11:21 7.45 7.45 7.45 7.45 5.00 3725.00
2003/01/24 11:22 7.44 7.44 7.44 7.44 6.00 4464.00
2003/01/24 11:23 7.44 7.44 7.44 7.44 0.00 0.00
2003/01/24 11:24 7.44 7.44 7.44 7.44 2.00 1488.00
2003/01/24 11:25 7.44 7.44 7.44 7.44 0.00 0.00
2003/01/24 11:26 7.43 7.43 7.43 7.43 10.00 7430.00
2003/01/24 11:27 7.40 7.44 7.40 7.44 893.62 662124.00
2003/01/24 11:28 7.44 7.44 7.44 7.44 20.00 14880.00
2003/01/24 11:29 7.45 7.45 7.45 7.45 1.00 745.00
2003/01/24 11:30 7.45 7.45 7.45 7.45 8.00 5960.00
2003/01/24 11:31 7.44 7.46 7.44 7.46 155.00 115483.00
2003/01/24 13:02 7.47 7.47 7.47 7.47 127.00 94763.00
2003/01/24 13:03 7.47 7.47 7.47 7.47 63.30 47284.00
2003/01/24 13:04 7.48 7.48 7.45 7.45 180.00 134323.00
2003/01/24 13:05 7.46 7.46 7.46 7.46 20.00 14920.00
2003/01/24 13:06 7.47 7.47 7.47 7.47 137.00 102047.00
2003/01/24 13:07 7.45 7.45 7.45 7.45 81.00 60450.00
2003/01/24 13:08 7.45 7.45 7.43 7.43 52.00 38696.00
2003/01/24 13:09 7.41 7.41 7.41 7.41 200.00 148245.00
2003/01/24 13:10 7.40 7.41 7.40 7.41 200.00 148134.00
2003/01/24 13:11 7.43 7.43 7.43 7.43 28.00 20804.00
2003/01/24 13:12 7.45 7.45 7.43 7.43 38.00 28244.00
2003/01/24 13:13 7.43 7.43 7.43 7.43 39.00 29017.00
2003/01/24 13:14 7.45 7.45 7.43 7.43 27.00 20103.00
2003/01/24 13:15 7.43 7.43 7.43 7.43 0.00 0.00
2003/01/24 13:16 7.45 7.45 7.45 7.45 10.00 7450.00
2003/01/24 13:17 7.45 7.45 7.45 7.45 0.00 0.00
2003/01/24 13:18 7.44 7.45 7.44 7.45 20.20 15039.00
2003/01/24 13:19 7.46 7.46 7.46 7.46 211.20 157526.00
2003/01/24 13:20 7.42 7.42 7.42 7.42 300.00 222972.00
2003/01/24 13:21 7.42 7.42 7.42 7.42 0.00 0.00
2003/01/24 13:22 7.46 7.46 7.46 7.46 3.00 2238.00
2003/01/24 13:23 7.43 7.43 7.43 7.43 28.00 20813.00
2003/01/24 13:24 7.43 7.43 7.43 7.43 2.00 1486.00
2003/01/24 13:25 7.42 7.42 7.42 7.42 20.00 14857.00
2003/01/24 13:26 7.42 7.42 7.42 7.42 0.00 0.00
2003/01/24 13:27 7.42 7.42 7.42 7.42 0.00 0.00
2003/01/24 13:28 7.42 7.42 7.42 7.42 0.00 0.00
2003/01/24 13:29 7.42 7.42 7.42 7.42 0.00 0.00
2003/01/24 13:30 7.42 7.42 7.42 7.42 0.00 0.00
2003/01/24 13:31 7.43 7.44 7.43 7.44 25.00 18595.00
2003/01/24 13:32 7.44 7.44 7.44 7.44 2.00 1488.00
2003/01/24 13:33 7.44 7.44 7.44 7.44 0.00 0.00
2003/01/24 13:34 7.44 7.44 7.44 7.44 0.00 0.00
2003/01/24 13:35 7.45 7.45 7.44 7.44 9.00 6698.00
2003/01/24 13:36 7.45 7.45 7.45 7.45 11.00 8195.00
2003/01/24 13:37 7.44 7.45 7.44 7.45 14.00 10420.00
2003/01/24 13:38 7.43 7.45 7.43 7.45 50.00 37187.00
2003/01/24 13:39 7.43 7.43 7.43 7.43 24.00 17832.00
2003/01/24 13:40 7.43 7.43 7.43 7.43 0.00 0.00
2003/01/24 13:41 7.44 7.44 7.44 7.44 55.00 40925.00
2003/01/24 13:42 7.44 7.44 7.44 7.44 5.00 3720.00
2003/01/24 13:43 7.44 7.44 7.44 7.44 3.00 2232.00
2003/01/24 13:44 7.44 7.44 7.44 7.44 0.00 0.00
2003/01/24 13:45 7.44 7.44 7.44 7.44 69.84 51929.00
2003/01/24 13:46 7.44 7.44 7.44 7.44 0.00 0.00
2003/01/24 13:47 7.45 7.45 7.45 7.45 15.00 11175.00
2003/01/24 13:48 7.45 7.45 7.45 7.45 90.16 67150.00
2003/01/24 13:49 7.45 7.45 7.45 7.45 46.00 34265.00
2003/01/24 13:50 7.45 7.45 7.45 7.45 20.00 14900.00
2003/01/24 13:51 7.45 7.45 7.45 7.45 225.00 167448.00
2003/01/24 13:52 7.45 7.45 7.45 7.45 48.28 35969.00
2003/01/24 13:53 7.47 7.50 7.47 7.50 227.52 170238.00
2003/01/24 13:54 7.50 7.50 7.50 7.50 12.00 9000.00
2003/01/24 13:55 7.50 7.50 7.50 7.50 9.00 6750.00
2003/01/24 13:56 7.50 7.51 7.50 7.51 52.84 39662.00
2003/01/24 13:57 7.50 7.50 7.50 7.50 60.16 45125.00
2003/01/24 13:58 7.49 7.49 7.48 7.48 29.00 21719.00
2003/01/24 13:59 7.48 7.48 7.48 7.48 0.00 0.00
2003/01/24 14:00 7.48 7.48 7.48 7.48 0.00 0.00
2003/01/24 14:01 7.48 7.48 7.48 7.48 0.00 0.00
2003/01/24 14:02 7.46 7.46 7.46 7.46 38.00 28348.00
2003/01/24 14:03 7.46 7.46 7.46 7.46 0.00 0.00
2003/01/24 14:04 7.46 7.46 7.46 7.46 0.00 0.00
2003/01/24 14:05 7.46 7.46 7.46 7.46 0.00 0.00
2003/01/24 14:06 7.47 7.48 7.46 7.48 30.00 22422.00
2003/01/24 14:07 7.50 7.50 7.50 7.50 70.00 52496.00
2003/01/24 14:08 7.51 7.53 7.51 7.53 134.40 101078.00
2003/01/24 14:09 7.55 7.55 7.53 7.53 13.00 9809.00
2003/01/24 14:10 7.55 7.56 7.55 7.56 15.00 11330.00
2003/01/24 14:11 7.57 7.57 7.56 7.56 29.00 21936.00
2003/01/24 14:12 7.57 7.57 7.56 7.56 19.00 14376.00
2003/01/24 14:13 7.55 7.55 7.55 7.55 89.00 67225.00
2003/01/24 14:14 7.55 7.55 7.55 7.55 0.00 0.00
2003/01/24 14:15 7.55 7.55 7.53 7.53 116.00 87496.00
2003/01/24 14:16 7.51 7.51 7.51 7.51 19.00 14269.00
2003/01/24 14:17 7.51 7.53 7.51 7.53 27.00 20287.00
2003/01/24 14:18 7.51 7.51 7.50 7.50 65.00 48798.00
2003/01/24 14:19 7.50 7.53 7.50 7.50 58.60 44049.00
2003/01/24 14:20 7.50 7.50 7.48 7.48 17.60 13192.00
2003/01/24 14:21 7.50 7.50 7.50 7.50 42.00 31500.00
2003/01/24 14:22 7.50 7.50 7.50 7.50 15.00 11250.00
2003/01/24 14:23 7.48 7.50 7.48 7.50 53.40 39956.00
2003/01/24 14:24 7.48 7.48 7.48 7.48 36.00 26938.00
2003/01/24 14:25 7.48 7.48 7.48 7.48 18.60 13912.00
2003/01/24 14:26 7.48 7.48 7.48 7.48 0.00 0.00
2003/01/24 14:27 7.50 7.50 7.50 7.50 8.00 6000.00
2003/01/24 14:28 7.50 7.50 7.50 7.50 20.00 15000.00
2003/01/24 14:29 7.50 7.50 7.50 7.50 29.00 21740.00
2003/01/24 14:30 7.50 7.50 7.49 7.49 18.00 13487.00
2003/01/24 14:31 7.48 7.48 7.48 7.48 78.40 58644.00
2003/01/24 14:32 7.48 7.48 7.48 7.48 8.00 5984.00
2003/01/24 14:33 7.48 7.48 7.48 7.48 15.00 11220.00
2003/01/24 14:34 7.48 7.49 7.48 7.49 92.60 69281.00
2003/01/24 14:35 7.49 7.50 7.49 7.50 10.00 7495.00
2003/01/24 14:36 7.50 7.50 7.50 7.50 104.00 78000.00
2003/01/24 14:37 7.49 7.50 7.49 7.50 44.00 32998.00
2003/01/24 14:38 7.50 7.50 7.50 7.50 33.00 24750.00
2003/01/24 14:39 7.50 7.50 7.50 7.50 21.00 15750.00
2003/01/24 14:40 7.50 7.50 7.50 7.50 3.80 2850.00
2003/01/24 14:41 7.52 7.52 7.52 7.52 5.00 3760.00
2003/01/24 14:42 7.50 7.50 7.50 7.50 42.20 31650.00
2003/01/24 14:43 7.50 7.50 7.50 7.50 24.00 17994.00
2003/01/24 14:44 7.50 7.50 7.49 7.49 75.00 56227.00
2003/01/24 14:45 7.49 7.49 7.49 7.49 0.00 0.00
2003/01/24 14:46 7.48 7.49 7.48 7.49 10.20 7637.00
2003/01/24 14:47 7.49 7.50 7.49 7.50 35.80 26847.00
2003/01/24 14:48 7.50 7.50 7.49 7.49 17.00 12740.00
2003/01/24 14:49 7.49 7.50 7.49 7.50 17.00 12736.00
2003/01/24 14:50 7.50 7.50 7.50 7.50 19.00 14250.00
2003/01/24 14:51 7.50 7.50 7.50 7.50 110.00 82500.00
2003/01/24 14:52 7.50 7.50 7.50 7.50 46.00 34500.00
2003/01/24 14:53 7.50 7.50 7.50 7.50 26.30 19725.00
2003/01/24 14:54 7.50 7.52 7.50 7.52 48.00 36080.00
2003/01/24 14:55 7.52 7.52 7.50 7.50 32.20 24176.00
2003/01/24 14:56 7.50 7.50 7.50 7.50 21.08 15817.00
2003/01/24 14:57 7.53 7.53 7.52 7.52 22.00 16546.00
2003/01/24 14:58 7.53 7.53 7.53 7.53 20.00 15050.00
2003/01/24 14:59 7.52 7.53 7.52 7.52 30.00 22574.00
2003/01/24 15:00 7.53 7.53 7.53 7.53 23.00 17314.00
