2003/01/03 09:31 6.68 6.68 6.68 6.68 0.00 0.00
2003/01/03 09:32 6.68 6.68 6.68 6.68 0.00 0.00
2003/01/03 09:33 6.68 6.68 6.68 6.68 10.00 6680.00
2003/01/03 09:34 6.68 6.68 6.68 6.68 40.00 26720.00
2003/01/03 09:35 6.68 6.68 6.68 6.68 10.00 6680.00
2003/01/03 09:36 6.68 6.68 6.68 6.68 30.00 20040.00
2003/01/03 09:37 6.68 6.68 6.68 6.68 0.00 0.00
2003/01/03 09:38 6.70 6.70 6.70 6.70 35.00 23450.00
2003/01/03 09:39 6.70 6.70 6.70 6.70 5.00 3350.00
2003/01/03 09:40 6.70 6.70 6.70 6.70 25.00 16750.00
2003/01/03 09:41 6.75 6.75 6.75 6.75 10.00 6750.00
2003/01/03 09:42 6.75 6.75 6.75 6.75 0.00 0.00
2003/01/03 09:43 6.75 6.75 6.75 6.75 0.00 0.00
2003/01/03 09:44 6.75 6.75 6.75 6.75 0.00 0.00
2003/01/03 09:45 6.68 6.68 6.68 6.68 108.00 72144.00
2003/01/03 09:46 6.68 6.68 6.68 6.68 20.00 13360.00
2003/01/03 09:47 6.68 6.68 6.68 6.68 46.60 31128.80
2003/01/03 09:48 6.68 6.68 6.68 6.68 0.00 0.00
2003/01/03 09:49 6.70 6.70 6.68 6.68 28.00 18752.00
2003/01/03 09:50 6.70 6.70 6.70 6.70 3.00 2010.00
2003/01/03 09:51 6.72 6.72 6.72 6.72 4.00 2688.00
2003/01/03 09:52 6.72 6.73 6.72 6.73 55.00 37010.02
2003/01/03 09:53 6.71 6.71 6.71 6.71 22.80 15298.81
2003/01/03 09:54 6.72 6.72 6.72 6.72 10.00 6720.00
2003/01/03 09:55 6.72 6.72 6.72 6.72 0.00 0.00
2003/01/03 09:56 6.72 6.72 6.72 6.72 0.00 0.00
2003/01/03 09:57 6.71 6.73 6.71 6.73 18.00 12094.00
2003/01/03 09:58 6.73 6.73 6.73 6.73 0.00 0.00
2003/01/03 09:59 6.72 6.72 6.72 6.72 10.00 6720.00
2003/01/03 10:00 6.72 6.72 6.72 6.72 8.00 5376.00
2003/01/03 10:01 6.71 6.71 6.70 6.70 11.20 7505.19
2003/01/03 10:02 6.71 6.71 6.67 6.67 140.40 93786.19
2003/01/03 10:03 6.67 6.67 6.67 6.67 0.00 0.00
2003/01/03 10:04 6.67 6.67 6.67 6.67 30.00 20010.00
2003/01/03 10:05 6.67 6.67 6.67 6.67 0.00 0.00
2003/01/03 10:06 6.67 6.67 6.67 6.67 0.00 0.00
2003/01/03 10:07 6.66 6.66 6.66 6.66 15.00 9990.00
2003/01/03 10:08 6.65 6.65 6.65 6.65 35.00 23275.00
2003/01/03 10:09 6.65 6.65 6.65 6.65 13.00 8645.00
2003/01/03 10:10 6.63 6.65 6.63 6.63 15.00 9955.00
2003/01/03 10:11 6.65 6.65 6.65 6.65 1.00 665.00
2003/01/03 10:12 6.65 6.65 6.65 6.65 2.00 1330.00
2003/01/03 10:13 6.67 6.67 6.64 6.64 73.00 48487.00
2003/01/03 10:14 6.64 6.64 6.64 6.64 0.00 0.00
2003/01/03 10:15 6.69 6.69 6.69 6.69 10.00 6690.00
2003/01/03 10:16 6.69 6.69 6.69 6.69 0.00 0.00
2003/01/03 10:17 6.69 6.69 6.69 6.69 0.00 0.00
2003/01/03 10:18 6.69 6.69 6.69 6.69 10.00 6690.00
2003/01/03 10:19 6.69 6.69 6.69 6.69 4.00 2676.00
2003/01/03 10:20 6.68 6.68 6.68 6.68 2.00 1336.00
2003/01/03 10:21 6.68 6.68 6.66 6.66 8.00 5332.00
2003/01/03 10:22 6.66 6.66 6.66 6.66 0.00 0.00
2003/01/03 10:23 6.68 6.68 6.68 6.68 6.50 4341.88
2003/01/03 10:24 6.69 6.69 6.69 6.69 4.00 2676.00
2003/01/03 10:25 6.68 6.68 6.66 6.68 169.00 112652.00
2003/01/03 10:26 6.68 6.68 6.68 6.68 2.00 1336.00
2003/01/03 10:27 6.68 6.68 6.68 6.68 0.00 0.00
2003/01/03 10:28 6.69 6.69 6.69 6.69 5.00 3345.00
2003/01/03 10:29 6.69 6.69 6.69 6.69 0.00 0.00
2003/01/03 10:30 6.68 6.69 6.68 6.69 30.00 20050.00
2003/01/03 10:31 6.69 6.69 6.68 6.68 23.00 15376.00
2003/01/03 10:32 6.68 6.68 6.68 6.68 0.00 0.00
2003/01/03 10:33 6.66 6.66 6.66 6.66 53.00 35298.00
2003/01/03 10:34 6.68 6.68 6.68 6.68 10.00 6680.00
2003/01/03 10:35 6.68 6.68 6.68 6.68 0.00 0.00
2003/01/03 10:36 6.68 6.68 6.66 6.66 9.50 6337.00
2003/01/03 10:37 6.66 6.66 6.66 6.66 0.00 0.00
2003/01/03 10:38 6.66 6.66 6.65 6.65 27.00 17960.00
2003/01/03 10:39 6.66 6.68 6.66 6.68 56.50 37649.00
2003/01/03 10:40 6.68 6.68 6.68 6.68 17.00 11356.00
2003/01/03 10:41 6.68 6.68 6.68 6.68 7.92 5290.56
2003/01/03 10:42 6.69 6.69 6.69 6.69 47.80 31978.19
2003/01/03 10:43 6.70 6.71 6.70 6.71 52.00 34846.00
2003/01/03 10:44 6.71 6.71 6.71 6.71 27.00 18117.00
2003/01/03 10:45 6.71 6.71 6.71 6.71 0.00 0.00
2003/01/03 10:46 6.70 6.72 6.70 6.72 20.00 13420.00
2003/01/03 10:47 6.72 6.72 6.72 6.72 0.00 0.00
2003/01/03 10:48 6.72 6.72 6.72 6.72 0.00 0.00
2003/01/03 10:49 6.71 6.71 6.71 6.71 3.00 2013.00
2003/01/03 10:50 6.71 6.71 6.71 6.71 1.00 671.00
2003/01/03 10:51 6.70 6.70 6.70 6.70 5.00 3350.00
2003/01/03 10:52 6.70 6.70 6.70 6.70 52.60 35242.00
2003/01/03 10:53 6.70 6.70 6.70 6.70 22.40 15008.00
2003/01/03 10:54 6.70 6.70 6.70 6.70 7.60 5092.00
2003/01/03 10:55 6.70 6.70 6.70 6.70 0.00 0.00
2003/01/03 10:56 6.71 6.71 6.70 6.70 26.00 17423.00
2003/01/03 10:57 6.70 6.70 6.70 6.70 7.00 4690.00
2003/01/03 10:58 6.70 6.70 6.70 6.70 3.40 2278.00
2003/01/03 10:59 6.70 6.70 6.70 6.70 0.00 0.00
2003/01/03 11:00 6.70 6.70 6.70 6.70 6.00 4020.00
2003/01/03 11:01 6.69 6.69 6.69 6.69 16.20 10837.75
2003/01/03 11:02 6.68 6.68 6.68 6.68 19.08 12745.50
2003/01/03 11:03 6.68 6.68 6.68 6.68 0.00 0.00
2003/01/03 11:04 6.68 6.68 6.68 6.68 0.00 0.00
2003/01/03 11:05 6.68 6.68 6.68 6.68 0.00 0.00
2003/01/03 11:06 6.69 6.69 6.69 6.69 2.92 1952.50
2003/01/03 11:07 6.69 6.69 6.69 6.69 8.40 5619.63
2003/01/03 11:08 6.69 6.69 6.69 6.69 0.00 0.00
2003/01/03 11:09 6.69 6.69 6.69 6.69 0.00 0.00
2003/01/03 11:10 6.70 6.70 6.69 6.69 11.00 7360.00
2003/01/03 11:11 6.69 6.69 6.69 6.69 0.00 0.00
2003/01/03 11:12 6.69 6.69 6.69 6.69 10.50 7024.50
2003/01/03 11:13 6.69 6.69 6.69 6.69 0.00 0.00
2003/01/03 11:14 6.69 6.72 6.69 6.72 46.10 30960.88
2003/01/03 11:15 6.72 6.72 6.72 6.72 0.00 0.00
2003/01/03 11:16 6.72 6.72 6.72 6.72 0.00 0.00
2003/01/03 11:17 6.73 6.73 6.73 6.73 50.00 33650.00
2003/01/03 11:18 6.73 6.73 6.73 6.73 0.00 0.00
2003/01/03 11:19 6.72 6.72 6.72 6.72 5.00 3360.00
2003/01/03 11:20 6.72 6.72 6.72 6.72 0.00 0.00
2003/01/03 11:21 6.72 6.72 6.72 6.72 11.00 7392.00
2003/01/03 11:22 6.72 6.72 6.72 6.72 62.00 41664.00
2003/01/03 11:23 6.72 6.72 6.72 6.72 5.00 3360.00
2003/01/03 11:24 6.71 6.71 6.71 6.71 18.00 12078.00
2003/01/03 11:25 6.70 6.70 6.70 6.70 15.00 10050.00
2003/01/03 11:26 6.69 6.69 6.69 6.69 25.00 16725.00
2003/01/03 11:27 6.69 6.69 6.69 6.69 0.00 0.00
2003/01/03 11:28 6.70 6.70 6.69 6.70 40.00 26795.00
2003/01/03 11:29 6.70 6.70 6.70 6.70 0.00 0.00
2003/01/03 11:30 6.70 6.70 6.70 6.70 0.00 0.00
2003/01/03 11:31 6.70 6.71 6.70 6.71 67.40 45258.63
2003/01/03 13:02 6.73 6.73 6.73 6.73 25.00 16811.00
2003/01/03 13:03 6.73 6.73 6.73 6.73 0.00 0.00
2003/01/03 13:04 6.73 6.73 6.73 6.73 0.00 0.00
2003/01/03 13:05 6.73 6.73 6.73 6.73 0.00 0.00
2003/01/03 13:06 6.73 6.73 6.73 6.73 0.00 0.00
2003/01/03 13:07 6.72 6.72 6.71 6.71 60.00 40292.00
2003/01/03 13:08 6.72 6.72 6.70 6.70 22.08 14809.00
2003/01/03 13:09 6.72 6.72 6.72 6.72 60.00 40320.00
2003/01/03 13:10 6.72 6.72 6.72 6.72 9.32 6263.00
2003/01/03 13:11 6.72 6.72 6.72 6.72 20.00 13440.00
2003/01/03 13:12 6.73 6.73 6.73 6.73 20.00 13460.00
2003/01/03 13:13 6.73 6.73 6.73 6.73 0.00 0.00
2003/01/03 13:14 6.73 6.73 6.73 6.73 26.10 17566.00
2003/01/03 13:15 6.74 6.74 6.74 6.74 8.00 5392.00
2003/01/03 13:16 6.74 6.74 6.74 6.74 0.00 0.00
2003/01/03 13:17 6.74 6.74 6.74 6.74 0.00 0.00
2003/01/03 13:18 6.74 6.74 6.74 6.74 0.00 0.00
2003/01/03 13:19 6.74 6.74 6.74 6.74 0.00 0.00
2003/01/03 13:20 6.74 6.74 6.74 6.74 0.00 0.00
2003/01/03 13:21 6.74 6.74 6.74 6.74 0.00 0.00
2003/01/03 13:22 6.74 6.74 6.74 6.74 0.00 0.00
2003/01/03 13:23 6.74 6.74 6.74 6.74 3.00 2022.00
2003/01/03 13:24 6.74 6.74 6.74 6.74 0.00 0.00
2003/01/03 13:25 6.73 6.74 6.72 6.74 23.00 15472.00
2003/01/03 13:26 6.74 6.74 6.74 6.74 0.00 0.00
2003/01/03 13:27 6.74 6.74 6.74 6.74 0.00 0.00
2003/01/03 13:28 6.73 6.73 6.73 6.73 2.00 1346.00
2003/01/03 13:29 6.73 6.73 6.73 6.73 0.00 0.00
2003/01/03 13:30 6.73 6.73 6.73 6.73 0.00 0.00
2003/01/03 13:31 6.73 6.73 6.73 6.73 10.00 6730.00
2003/01/03 13:32 6.73 6.73 6.73 6.73 0.00 0.00
2003/01/03 13:33 6.74 6.74 6.74 6.74 12.80 8627.00
2003/01/03 13:34 6.74 6.74 6.74 6.74 7.20 4853.00
2003/01/03 13:35 6.74 6.75 6.74 6.75 14.00 9431.00
2003/01/03 13:36 6.75 6.75 6.75 6.75 0.00 0.00
2003/01/03 13:37 6.73 6.75 6.73 6.75 30.00 20200.00
2003/01/03 13:38 6.75 6.75 6.75 6.75 21.00 14169.00
2003/01/03 13:39 6.72 6.72 6.72 6.72 8.68 5835.00
2003/01/03 13:40 6.72 6.72 6.72 6.72 0.00 0.00
2003/01/03 13:41 6.72 6.72 6.72 6.72 1.32 887.00
2003/01/03 13:42 6.72 6.72 6.72 6.72 0.00 0.00
2003/01/03 13:43 6.71 6.71 6.71 6.71 1.05 705.00
2003/01/03 13:44 6.71 6.71 6.71 6.71 0.00 0.00
2003/01/03 13:45 6.71 6.71 6.71 6.71 0.00 0.00
2003/01/03 13:46 6.71 6.74 6.71 6.74 22.60 15179.63
2003/01/03 13:47 6.74 6.74 6.74 6.74 30.25 20388.50
2003/01/03 13:48 6.74 6.74 6.74 6.74 0.00 0.00
2003/01/03 13:49 6.74 6.74 6.74 6.74 44.75 30161.50
2003/01/03 13:50 6.73 6.73 6.73 6.73 10.00 6730.00
2003/01/03 13:51 6.73 6.73 6.73 6.73 0.00 0.00
2003/01/03 13:52 6.74 6.74 6.74 6.74 10.00 6740.00
2003/01/03 13:53 6.72 6.72 6.72 6.72 3.00 2016.00
2003/01/03 13:54 6.72 6.72 6.72 6.72 5.00 3360.00
2003/01/03 13:55 6.71 6.71 6.71 6.71 5.00 3355.00
2003/01/03 13:56 6.71 6.71 6.71 6.71 0.00 0.00
2003/01/03 13:57 6.71 6.71 6.71 6.71 0.00 0.00
2003/01/03 13:58 6.71 6.71 6.71 6.71 17.03 11427.13
2003/01/03 13:59 6.71 6.71 6.71 6.71 0.00 0.00
2003/01/03 14:00 6.70 6.70 6.70 6.70 10.00 6700.00
2003/01/03 14:01 6.70 6.70 6.70 6.70 5.00 3350.00
2003/01/03 14:02 6.70 6.70 6.70 6.70 0.00 0.00
2003/01/03 14:03 6.70 6.70 6.70 6.70 0.00 0.00
2003/01/03 14:04 6.70 6.70 6.70 6.70 14.00 9380.00
2003/01/03 14:05 6.70 6.70 6.70 6.70 0.00 0.00
2003/01/03 14:06 6.70 6.70 6.70 6.70 0.00 0.00
2003/01/03 14:07 6.70 6.70 6.70 6.70 0.00 0.00
2003/01/03 14:08 6.70 6.70 6.70 6.70 19.92 13346.38
2003/01/03 14:09 6.70 6.70 6.70 6.70 0.00 0.00
2003/01/03 14:10 6.71 6.71 6.71 6.71 4.05 2717.50
2003/01/03 14:11 6.71 6.71 6.71 6.71 0.00 0.00
2003/01/03 14:12 6.71 6.71 6.71 6.71 0.00 0.00
2003/01/03 14:13 6.71 6.71 6.71 6.71 0.00 0.00
2003/01/03 14:14 6.71 6.71 6.71 6.71 9.95 6676.50
2003/01/03 14:15 6.71 6.71 6.71 6.71 0.00 0.00
2003/01/03 14:16 6.70 6.70 6.70 6.70 9.00 6030.00
2003/01/03 14:17 6.71 6.71 6.71 6.71 7.65 5133.13
2003/01/03 14:18 6.70 6.70 6.70 6.70 26.35 17654.50
2003/01/03 14:19 6.70 6.70 6.70 6.70 2.00 1340.00
2003/01/03 14:20 6.70 6.70 6.70 6.70 1.65 1105.50
2003/01/03 14:21 6.70 6.70 6.70 6.70 0.00 0.00
2003/01/03 14:22 6.70 6.70 6.70 6.70 0.00 0.00
2003/01/03 14:23 6.71 6.71 6.71 6.71 16.00 10736.00
2003/01/03 14:24 6.72 6.72 6.71 6.71 8.00 5372.00
2003/01/03 14:25 6.71 6.71 6.71 6.71 0.00 0.00
2003/01/03 14:26 6.71 6.71 6.71 6.71 0.00 0.00
2003/01/03 14:27 6.71 6.71 6.71 6.71 0.00 0.00
2003/01/03 14:28 6.70 6.70 6.70 6.70 10.00 6700.00
2003/01/03 14:29 6.70 6.70 6.70 6.70 67.35 45124.50
2003/01/03 14:30 6.69 6.69 6.69 6.69 5.00 3345.00
2003/01/03 14:31 6.69 6.69 6.69 6.69 16.20 10837.75
2003/01/03 14:32 6.69 6.69 6.69 6.69 2.00 1338.00
2003/01/03 14:33 6.69 6.69 6.69 6.69 7.80 5218.25
2003/01/03 14:34 6.68 6.68 6.68 6.68 10.00 6680.00
2003/01/03 14:35 6.68 6.68 6.68 6.68 25.00 16700.00
2003/01/03 14:36 6.70 6.70 6.70 6.70 40.00 26800.00
2003/01/03 14:37 6.68 6.68 6.68 6.68 5.90 3941.25
2003/01/03 14:38 6.68 6.68 6.68 6.68 0.00 0.00
2003/01/03 14:39 6.70 6.70 6.70 6.70 19.25 12897.50
2003/01/03 14:40 6.68 6.68 6.68 6.68 20.00 13360.00
2003/01/03 14:41 6.68 6.68 6.68 6.68 0.00 0.00
2003/01/03 14:42 6.68 6.68 6.68 6.68 0.00 0.00
2003/01/03 14:43 6.68 6.68 6.68 6.68 0.00 0.00
2003/01/03 14:44 6.68 6.68 6.68 6.68 0.00 0.00
2003/01/03 14:45 6.70 6.70 6.70 6.70 20.00 13400.00
2003/01/03 14:46 6.70 6.70 6.70 6.70 0.00 0.00
2003/01/03 14:47 6.70 6.72 6.70 6.72 15.56 10446.38
2003/01/03 14:48 6.72 6.72 6.72 6.72 0.00 0.00
2003/01/03 14:49 6.71 6.72 6.71 6.72 13.30 8932.25
2003/01/03 14:50 6.71 6.72 6.71 6.72 50.70 34044.75
2003/01/03 14:51 6.72 6.72 6.72 6.72 35.00 23520.00
2003/01/03 14:52 6.72 6.72 6.72 6.72 0.00 0.00
2003/01/03 14:53 6.72 6.72 6.72 6.72 10.00 6720.00
2003/01/03 14:54 6.72 6.72 6.72 6.72 2.10 1411.25
2003/01/03 14:55 6.72 6.72 6.72 6.72 0.00 0.00
2003/01/03 14:56 6.73 6.73 6.72 6.72 6.00 4033.00
2003/01/03 14:57 6.72 6.72 6.72 6.72 0.00 0.00
2003/01/03 14:58 6.74 6.74 6.74 6.74 31.00 20894.00
2003/01/03 14:59 6.73 6.73 6.73 6.73 40.00 26920.00
2003/01/03 15:00 6.73 6.73 6.72 6.72 22.90 15352.88
