2003/01/27 09:31 7.51 7.52 7.51 7.52 48.00 36090.00
2003/01/27 09:32 7.52 7.52 7.52 7.52 0.00 0.00
2003/01/27 09:33 7.52 7.52 7.52 7.52 0.00 0.00
2003/01/27 09:34 7.55 7.55 7.55 7.55 6.00 4530.00
2003/01/27 09:35 7.55 7.56 7.55 7.56 12.00 9070.00
2003/01/27 09:36 7.55 7.55 7.53 7.53 34.00 25612.00
2003/01/27 09:37 7.53 7.55 7.53 7.55 8.00 6034.00
2003/01/27 09:38 7.52 7.52 7.52 7.52 32.00 24064.00
2003/01/27 09:39 7.53 7.53 7.53 7.53 10.00 7530.00
2003/01/27 09:40 7.53 7.53 7.53 7.53 0.00 0.00
2003/01/27 09:41 7.53 7.53 7.53 7.53 50.00 37650.00
2003/01/27 09:42 7.53 7.55 7.53 7.55 27.00 20375.00
2003/01/27 09:43 7.55 7.55 7.55 7.55 4.00 3020.00
2003/01/27 09:44 7.53 7.55 7.53 7.55 6.00 4528.00
2003/01/27 09:45 7.55 7.55 7.55 7.55 5.00 3775.00
2003/01/27 09:46 7.54 7.55 7.54 7.55 19.00 14331.00
2003/01/27 09:47 7.55 7.55 7.54 7.54 100.00 75430.00
2003/01/27 09:48 7.54 7.54 7.54 7.54 0.00 0.00
2003/01/27 09:49 7.55 7.55 7.54 7.54 12.00 9051.00
2003/01/27 09:50 7.54 7.54 7.54 7.54 13.00 9802.00
2003/01/27 09:51 7.54 7.55 7.54 7.55 21.00 15847.00
2003/01/27 09:52 7.54 7.54 7.54 7.54 18.46 13918.84
2003/01/27 09:53 7.55 7.56 7.55 7.56 67.61 51070.56
2003/01/27 09:54 7.56 7.56 7.56 7.56 13.00 9828.00
2003/01/27 09:55 7.60 7.60 7.56 7.58 85.00 64500.00
2003/01/27 09:56 7.62 7.62 7.62 7.62 20.00 15240.00
2003/01/27 09:57 7.62 7.62 7.59 7.59 23.00 17517.00
2003/01/27 09:58 7.62 7.62 7.60 7.60 30.00 22808.00
2003/01/27 09:59 7.60 7.60 7.60 7.60 50.00 37999.97
2003/01/27 10:00 7.60 7.60 7.58 7.60 100.00 75900.00
2003/01/27 10:01 7.60 7.60 7.60 7.60 111.00 84360.00
2003/01/27 10:02 7.60 7.60 7.60 7.60 119.00 90440.00
2003/01/27 10:03 7.60 7.60 7.60 7.60 64.00 48640.00
2003/01/27 10:04 7.60 7.61 7.60 7.61 99.69 75791.06
2003/01/27 10:05 7.61 7.61 7.61 7.61 15.00 11415.00
2003/01/27 10:06 7.60 7.61 7.60 7.61 56.00 42579.00
2003/01/27 10:07 7.60 7.61 7.60 7.61 18.00 13685.00
2003/01/27 10:08 7.62 7.62 7.61 7.62 36.00 27426.00
2003/01/27 10:09 7.61 7.63 7.61 7.62 48.60 37015.19
2003/01/27 10:10 7.62 7.63 7.62 7.63 59.00 45002.00
2003/01/27 10:11 7.62 7.63 7.62 7.63 48.00 36611.00
2003/01/27 10:12 7.62 7.62 7.62 7.62 8.00 6096.25
2003/01/27 10:13 7.62 7.62 7.62 7.62 28.40 21640.75
2003/01/27 10:14 7.60 7.62 7.60 7.62 200.60 152656.00
2003/01/27 10:15 7.62 7.62 7.60 7.60 42.71 32516.88
2003/01/27 10:16 7.59 7.59 7.59 7.59 50.00 37950.00
2003/01/27 10:17 7.59 7.59 7.59 7.59 13.40 10170.25
2003/01/27 10:18 7.58 7.58 7.58 7.58 8.00 6064.00
2003/01/27 10:19 7.58 7.58 7.58 7.58 34.60 26226.75
2003/01/27 10:20 7.58 7.58 7.58 7.58 5.40 4093.25
2003/01/27 10:21 7.58 7.58 7.58 7.58 0.00 0.00
2003/01/27 10:22 7.58 7.58 7.58 7.58 50.00 37900.00
2003/01/27 10:23 7.58 7.58 7.58 7.58 87.00 65946.00
2003/01/27 10:24 7.58 7.59 7.58 7.59 36.29 27514.13
2003/01/27 10:25 7.59 7.59 7.59 7.59 0.00 0.00
2003/01/27 10:26 7.60 7.60 7.60 7.60 23.71 18019.63
2003/01/27 10:27 7.60 7.60 7.60 7.60 5.00 3800.00
2003/01/27 10:28 7.58 7.58 7.58 7.58 3.00 2274.00
2003/01/27 10:29 7.58 7.59 7.58 7.59 23.00 17454.00
2003/01/27 10:30 7.59 7.60 7.59 7.60 47.00 35716.00
2003/01/27 10:31 7.59 7.59 7.59 7.59 69.00 52371.00
2003/01/27 10:32 7.60 7.60 7.58 7.58 89.00 67525.00
2003/01/27 10:33 7.58 7.58 7.58 7.58 31.00 23498.00
2003/01/27 10:34 7.57 7.57 7.57 7.57 6.00 4542.00
2003/01/27 10:35 7.58 7.58 7.58 7.58 46.00 34868.00
2003/01/27 10:36 7.58 7.58 7.58 7.58 2.43 1842.00
2003/01/27 10:37 7.57 7.57 7.57 7.57 18.00 13626.00
2003/01/27 10:38 7.57 7.57 7.57 7.57 0.00 0.00
2003/01/27 10:39 7.57 7.57 7.57 7.57 0.00 0.00
2003/01/27 10:40 7.58 7.58 7.58 7.58 58.00 43964.00
2003/01/27 10:41 7.58 7.58 7.58 7.58 12.00 9096.00
2003/01/27 10:42 7.58 7.58 7.58 7.58 15.00 11370.00
2003/01/27 10:43 7.58 7.58 7.58 7.58 24.56 18616.50
2003/01/27 10:44 7.58 7.59 7.58 7.59 20.00 15170.00
2003/01/27 10:45 7.58 7.58 7.58 7.58 5.00 3790.00
2003/01/27 10:46 7.59 7.59 7.59 7.59 5.00 3795.00
2003/01/27 10:47 7.58 7.58 7.58 7.58 94.75 71820.50
2003/01/27 10:48 7.58 7.58 7.58 7.58 3.69 2797.00
2003/01/27 10:49 7.58 7.58 7.58 7.58 21.31 16153.00
2003/01/27 10:50 7.58 7.58 7.58 7.58 0.00 0.00
2003/01/27 10:51 7.58 7.58 7.58 7.58 35.12 26621.00
2003/01/27 10:52 7.58 7.58 7.58 7.58 0.00 0.00
2003/01/27 10:53 7.58 7.58 7.58 7.58 0.00 0.00
2003/01/27 10:54 7.57 7.57 7.57 7.57 30.00 22710.00
2003/01/27 10:55 7.57 7.57 7.57 7.57 5.00 3785.00
2003/01/27 10:56 7.57 7.57 7.57 7.57 5.00 3785.00
2003/01/27 10:57 7.57 7.57 7.57 7.57 0.00 0.00
2003/01/27 10:58 7.57 7.57 7.57 7.57 6.00 4542.00
2003/01/27 10:59 7.57 7.57 7.57 7.57 3.00 2271.00
2003/01/27 11:00 7.57 7.57 7.57 7.57 0.00 0.00
2003/01/27 11:01 7.58 7.58 7.58 7.58 61.80 46844.50
2003/01/27 11:02 7.58 7.58 7.58 7.58 0.00 0.00
2003/01/27 11:03 7.58 7.58 7.58 7.58 3.00 2274.00
2003/01/27 11:04 7.58 7.59 7.58 7.59 43.72 33179.75
2003/01/27 11:05 7.59 7.61 7.59 7.61 203.03 154493.75
2003/01/27 11:06 7.61 7.61 7.61 7.61 2.97 2260.25
2003/01/27 11:07 7.61 7.61 7.61 7.61 50.00 38050.00
2003/01/27 11:08 7.61 7.61 7.61 7.61 49.93 37996.75
2003/01/27 11:09 7.61 7.61 7.61 7.61 31.07 23644.25
2003/01/27 11:10 7.62 7.62 7.60 7.60 43.00 32740.00
2003/01/27 11:11 7.62 7.62 7.61 7.61 7.00 5332.00
2003/01/27 11:12 7.59 7.59 7.59 7.59 4.00 3036.00
2003/01/27 11:13 7.61 7.63 7.61 7.63 211.00 160771.00
2003/01/27 11:14 7.64 7.65 7.63 7.65 353.00 269777.00
2003/01/27 11:15 7.61 7.61 7.61 7.61 96.00 73056.00
2003/01/27 11:16 7.62 7.62 7.62 7.62 84.00 64008.00
2003/01/27 11:17 7.62 7.65 7.62 7.62 209.84 160263.50
2003/01/27 11:18 7.62 7.62 7.62 7.62 179.16 136520.00
2003/01/27 11:19 7.62 7.62 7.62 7.62 20.00 15240.00
2003/01/27 11:20 7.62 7.62 7.62 7.62 33.00 25146.00
2003/01/27 11:21 7.62 7.62 7.62 7.62 56.00 42672.00
2003/01/27 11:22 7.62 7.62 7.61 7.61 24.00 18282.00
2003/01/27 11:23 7.62 7.62 7.62 7.62 2.00 1524.00
2003/01/27 11:24 7.61 7.62 7.61 7.62 21.00 15992.00
2003/01/27 11:25 7.62 7.62 7.61 7.61 90.00 68550.00
2003/01/27 11:26 7.62 7.62 7.62 7.62 10.00 7620.00
2003/01/27 11:27 7.62 7.62 7.62 7.62 429.24 327081.00
2003/01/27 11:28 7.63 7.63 7.63 7.63 135.00 103005.00
2003/01/27 11:29 7.65 7.65 7.65 7.65 260.17 199030.00
2003/01/27 11:30 7.65 7.68 7.64 7.68 409.72 314387.25
2003/01/27 11:31 7.70 7.71 7.70 7.71 699.80 538953.00
2003/01/27 13:02 7.72 7.74 7.71 7.71 652.00 504196.00
2003/01/27 13:03 7.75 7.75 7.71 7.75 575.00 445468.00
2003/01/27 13:04 7.75 7.75 7.74 7.75 286.23 221747.50
2003/01/27 13:05 7.75 7.78 7.75 7.77 490.77 381574.50
2003/01/27 13:06 7.77 7.77 7.75 7.75 630.00 488342.00
2003/01/27 13:07 7.75 7.75 7.74 7.75 645.00 499865.00
2003/01/27 13:08 7.76 7.76 7.75 7.75 283.00 219356.00
2003/01/27 13:09 7.75 7.76 7.75 7.76 172.00 133354.00
2003/01/27 13:10 7.76 7.76 7.75 7.75 147.00 113978.00
2003/01/27 13:11 7.73 7.73 7.72 7.72 403.00 311253.00
2003/01/27 13:12 7.71 7.72 7.70 7.72 237.00 182561.50
2003/01/27 13:13 7.72 7.72 7.72 7.72 319.00 246268.00
2003/01/27 13:14 7.72 7.72 7.71 7.71 87.52 67498.00
2003/01/27 13:15 7.72 7.73 7.72 7.73 10.00 7723.00
2003/01/27 13:16 7.75 7.75 7.73 7.73 154.00 119232.00
2003/01/27 13:17 7.77 7.77 7.75 7.75 37.00 28735.00
2003/01/27 13:18 7.75 7.77 7.75 7.77 40.00 31060.00
2003/01/27 13:19 7.77 7.77 7.77 7.77 126.00 97902.00
2003/01/27 13:20 7.78 7.78 7.77 7.77 368.88 286874.00
2003/01/27 13:21 7.77 7.78 7.77 7.77 244.12 189692.00
2003/01/27 13:22 7.77 7.77 7.75 7.75 266.00 206456.00
2003/01/27 13:23 7.75 7.75 7.74 7.74 6.00 4645.00
2003/01/27 13:24 7.74 7.74 7.74 7.74 40.00 30960.00
2003/01/27 13:25 7.73 7.73 7.72 7.72 186.00 143767.00
2003/01/27 13:26 7.72 7.72 7.72 7.72 5.00 3860.00
2003/01/27 13:27 7.72 7.72 7.72 7.72 232.00 179104.00
2003/01/27 13:28 7.72 7.73 7.72 7.73 200.00 154550.00
2003/01/27 13:29 7.72 7.72 7.72 7.72 14.00 10808.00
2003/01/27 13:30 7.70 7.72 7.70 7.72 285.00 219606.00
2003/01/27 13:31 7.71 7.72 7.71 7.72 41.00 31649.00
2003/01/27 13:32 7.72 7.73 7.72 7.73 30.00 23185.00
2003/01/27 13:33 7.73 7.73 7.72 7.72 92.00 71084.00
2003/01/27 13:34 7.73 7.74 7.73 7.73 107.60 83200.00
2003/01/27 13:35 7.74 7.74 7.73 7.73 183.00 141632.00
2003/01/27 13:36 7.73 7.73 7.73 7.73 40.28 31136.00
2003/01/27 13:37 7.73 7.74 7.73 7.74 44.00 34051.00
2003/01/27 13:38 7.74 7.74 7.74 7.74 39.00 30186.00
2003/01/27 13:39 7.74 7.74 7.73 7.73 14.00 10832.00
2003/01/27 13:40 7.74 7.74 7.73 7.73 62.00 47964.00
2003/01/27 13:41 7.73 7.73 7.73 7.73 17.12 13234.00
2003/01/27 13:42 7.72 7.73 7.72 7.72 64.00 49418.00
2003/01/27 13:43 7.73 7.73 7.72 7.72 81.00 62596.00
2003/01/27 13:44 7.71 7.71 7.71 7.71 20.00 15420.00
2003/01/27 13:45 7.72 7.72 7.71 7.71 214.40 165444.00
2003/01/27 13:46 7.71 7.71 7.71 7.71 68.00 52428.00
2003/01/27 13:47 7.71 7.71 7.71 7.71 158.88 122496.00
2003/01/27 13:48 7.71 7.71 7.71 7.71 36.00 27756.00
2003/01/27 13:49 7.71 7.71 7.71 7.71 10.00 7710.00
2003/01/27 13:50 7.72 7.72 7.72 7.72 24.00 18528.00
2003/01/27 13:51 7.72 7.73 7.72 7.73 102.00 78842.00
2003/01/27 13:52 7.73 7.73 7.71 7.71 37.00 28561.00
2003/01/27 13:53 7.74 7.74 7.74 7.74 276.64 214119.00
2003/01/27 13:54 7.75 7.76 7.75 7.76 194.28 150631.00
2003/01/27 13:55 7.77 7.77 7.76 7.76 202.00 156846.00
2003/01/27 13:56 7.78 7.78 7.77 7.77 155.00 120570.00
2003/01/27 13:57 7.78 7.78 7.76 7.78 607.28 472404.00
2003/01/27 13:58 7.76 7.78 7.76 7.78 1744.83 1357325.00
2003/01/27 13:59 7.79 7.83 7.79 7.83 568.01 443678.00
2003/01/27 14:00 7.81 7.84 7.81 7.84 588.40 460246.00
2003/01/27 14:01 7.83 7.85 7.83 7.85 604.30 474136.00
2003/01/27 14:02 7.85 7.86 7.85 7.85 309.00 242625.00
2003/01/27 14:03 7.85 7.85 7.84 7.84 101.00 79274.00
2003/01/27 14:04 7.82 7.84 7.82 7.82 230.82 180675.00
2003/01/27 14:05 7.83 7.83 7.82 7.82 247.40 193498.00
2003/01/27 14:06 7.82 7.82 7.81 7.81 132.00 103221.00
2003/01/27 14:07 7.80 7.80 7.80 7.80 120.48 93974.00
2003/01/27 14:08 7.80 7.80 7.79 7.79 91.40 71272.00
2003/01/27 14:09 7.80 7.81 7.80 7.80 582.07 454112.00
2003/01/27 14:10 7.82 7.85 7.82 7.84 721.57 565218.00
2003/01/27 14:11 7.85 7.87 7.85 7.86 651.05 511584.00
2003/01/27 14:12 7.88 7.91 7.88 7.91 1583.49 1249422.00
2003/01/27 14:13 7.93 7.96 7.93 7.96 478.00 380086.00
2003/01/27 14:14 7.97 7.98 7.97 7.98 661.40 527584.00
2003/01/27 14:15 7.98 7.99 7.97 7.99 899.00 717346.00
2003/01/27 14:16 7.99 8.00 7.98 7.98 991.66 792412.00
2003/01/27 14:17 7.97 7.98 7.96 7.96 309.14 246332.00
2003/01/27 14:18 7.97 7.97 7.95 7.96 429.00 341572.00
2003/01/27 14:19 7.95 7.96 7.95 7.96 380.00 302242.00
2003/01/27 14:20 7.94 7.95 7.94 7.95 494.79 393218.00
2003/01/27 14:21 7.95 7.95 7.95 7.95 335.15 266442.00
2003/01/27 14:22 7.96 7.96 7.94 7.94 336.90 267880.00
2003/01/27 14:23 7.94 7.94 7.93 7.93 538.16 427260.00
2003/01/27 14:24 7.93 7.93 7.92 7.92 897.20 710596.00
2003/01/27 14:25 7.92 7.93 7.91 7.93 1240.80 983056.00
2003/01/27 14:26 7.93 7.93 7.92 7.93 148.69 117898.00
2003/01/27 14:27 7.93 7.93 7.93 7.93 231.71 183746.00
2003/01/27 14:28 7.94 7.95 7.94 7.95 482.13 382998.00
2003/01/27 14:29 7.96 7.96 7.94 7.96 416.00 330906.00
2003/01/27 14:30 7.94 7.96 7.94 7.94 430.00 341788.00
2003/01/27 14:31 7.95 7.95 7.94 7.94 77.88 61860.00
2003/01/27 14:32 7.95 7.95 7.94 7.94 380.12 302070.00
2003/01/27 14:33 7.94 7.94 7.93 7.93 108.00 85730.00
2003/01/27 14:34 7.94 7.94 7.93 7.94 242.32 192348.00
2003/01/27 14:35 7.93 7.93 7.93 7.93 125.68 99664.00
2003/01/27 14:36 7.93 7.93 7.91 7.91 360.00 284990.00
2003/01/27 14:37 7.91 7.91 7.91 7.91 391.00 309280.00
2003/01/27 14:38 7.90 7.90 7.88 7.88 55.00 43430.00
2003/01/27 14:39 7.88 7.88 7.86 7.88 117.40 92412.00
2003/01/27 14:40 7.88 7.88 7.86 7.86 58.00 45674.00
2003/01/27 14:41 7.86 7.87 7.86 7.86 319.00 250964.00
2003/01/27 14:42 7.88 7.88 7.86 7.87 394.36 310400.00
2003/01/27 14:43 7.87 7.89 7.87 7.88 269.08 212214.00
2003/01/27 14:44 7.90 7.90 7.88 7.88 109.00 86030.00
2003/01/27 14:45 7.88 7.89 7.88 7.88 142.00 111932.00
2003/01/27 14:46 7.88 7.90 7.88 7.89 131.92 104136.00
2003/01/27 14:47 7.89 7.92 7.89 7.92 877.04 694220.00
2003/01/27 14:48 7.92 7.93 7.92 7.92 197.96 156808.00
2003/01/27 14:49 7.93 7.94 7.93 7.94 178.60 141684.00
2003/01/27 14:50 7.92 7.93 7.92 7.93 75.60 59920.00
2003/01/27 14:51 7.92 7.92 7.90 7.91 164.40 130140.00
2003/01/27 14:52 7.90 7.90 7.90 7.90 52.00 41080.00
2003/01/27 14:53 7.89 7.89 7.89 7.89 29.90 23592.00
2003/01/27 14:54 7.89 7.89 7.88 7.88 23.10 18216.00
2003/01/27 14:55 7.88 7.88 7.88 7.88 214.99 169412.00
2003/01/27 14:56 7.88 7.88 7.87 7.87 72.01 56710.00
2003/01/27 14:57 7.86 7.88 7.86 7.87 115.99 91278.00
2003/01/27 14:58 7.87 7.88 7.87 7.88 219.00 172420.00
2003/01/27 14:59 7.88 7.88 7.88 7.88 460.00 362480.00
2003/01/27 15:00 7.88 7.88 7.88 7.88 160.00 133884.00
