2003/01/28 09:31 7.87 7.87 7.85 7.85 383.00 301162.00
2003/01/28 09:32 7.85 7.85 7.83 7.85 42.00 32950.00
2003/01/28 09:33 7.85 7.86 7.85 7.86 36.00 28280.00
2003/01/28 09:34 7.87 7.88 7.87 7.88 22.00 17319.00
2003/01/28 09:35 7.88 7.90 7.88 7.89 115.32 90973.16
2003/01/28 09:36 7.88 7.89 7.87 7.87 254.00 200023.03
2003/01/28 09:37 7.89 7.89 7.87 7.89 58.00 45690.00
2003/01/28 09:38 7.89 7.90 7.89 7.89 115.00 90793.00
2003/01/28 09:39 7.90 7.90 7.89 7.89 75.00 59245.00
2003/01/28 09:40 7.88 7.89 7.87 7.87 246.68 194331.19
2003/01/28 09:41 7.88 7.89 7.88 7.88 80.32 63312.13
2003/01/28 09:42 7.89 7.89 7.88 7.89 45.00 35500.00
2003/01/28 09:43 7.88 7.89 7.88 7.89 75.00 59146.00
2003/01/28 09:44 7.89 7.89 7.89 7.89 69.00 54441.00
2003/01/28 09:45 7.90 7.90 7.89 7.90 227.20 179448.00
2003/01/28 09:46 7.91 7.91 7.91 7.91 10.00 7910.00
2003/01/28 09:47 7.92 7.93 7.92 7.93 73.00 57819.00
2003/01/28 09:48 7.92 7.94 7.92 7.94 74.00 58648.00
2003/01/28 09:49 7.93 7.94 7.93 7.94 141.00 111944.00
2003/01/28 09:50 7.94 7.94 7.93 7.93 386.00 306246.00
2003/01/28 09:51 7.94 7.94 7.92 7.93 138.00 109324.00
2003/01/28 09:52 7.91 7.91 7.90 7.90 269.80 213207.00
2003/01/28 09:53 7.91 7.91 7.88 7.88 273.00 215279.00
2003/01/28 09:54 7.90 7.90 7.88 7.88 198.68 156649.75
2003/01/28 09:55 7.90 7.90 7.86 7.86 173.28 136791.25
2003/01/28 09:56 7.89 7.89 7.87 7.87 86.40 68044.75
2003/01/28 09:57 7.87 7.87 7.87 7.87 12.00 9444.00
2003/01/28 09:58 7.88 7.88 7.87 7.87 21.00 16543.00
2003/01/28 09:59 7.89 7.89 7.89 7.89 10.00 7890.00
2003/01/28 10:00 7.88 7.89 7.88 7.88 25.00 19705.00
2003/01/28 10:01 7.89 7.89 7.88 7.89 35.00 27608.00
2003/01/28 10:02 7.88 7.89 7.88 7.88 75.43 59468.75
2003/01/28 10:03 7.87 7.89 7.87 7.89 59.00 46457.00
2003/01/28 10:04 7.89 7.89 7.88 7.88 28.00 22079.00
2003/01/28 10:05 7.88 7.88 7.88 7.88 124.00 97712.00
2003/01/28 10:06 7.85 7.85 7.85 7.85 2.00 1570.00
2003/01/28 10:07 7.87 7.87 7.85 7.85 48.00 37736.00
2003/01/28 10:08 7.88 7.88 7.85 7.85 356.89 281202.25
2003/01/28 10:09 7.85 7.87 7.85 7.85 132.00 102989.75
2003/01/28 10:10 7.85 7.85 7.85 7.85 83.20 65305.00
2003/01/28 10:11 7.85 7.85 7.85 7.85 108.00 84760.00
2003/01/28 10:12 7.85 7.87 7.85 7.87 131.00 102993.00
2003/01/28 10:13 7.87 7.87 7.87 7.87 68.00 54172.00
2003/01/28 10:14 7.87 7.88 7.86 7.86 137.00 107128.00
2003/01/28 10:15 7.87 7.87 7.87 7.87 28.00 22041.00
2003/01/28 10:16 7.88 7.88 7.87 7.88 130.00 102385.00
2003/01/28 10:17 7.88 7.88 7.87 7.87 392.00 307932.00
2003/01/28 10:18 7.85 7.85 7.85 7.85 26.00 20415.00
2003/01/28 10:19 7.86 7.86 7.85 7.85 200.00 157047.00
2003/01/28 10:20 7.85 7.85 7.84 7.84 109.80 86125.00
2003/01/28 10:21 7.83 7.84 7.83 7.84 298.00 233224.00
2003/01/28 10:22 7.83 7.83 7.83 7.83 47.00 36783.00
2003/01/28 10:23 7.83 7.83 7.82 7.82 6.00 4696.00
2003/01/28 10:24 7.82 7.82 7.81 7.81 128.00 100071.00
2003/01/28 10:25 7.82 7.83 7.81 7.83 74.00 57888.00
2003/01/28 10:26 7.82 7.82 7.82 7.82 221.00 172834.00
2003/01/28 10:27 7.84 7.84 7.82 7.82 20.08 15727.00
2003/01/28 10:28 7.84 7.84 7.83 7.83 25.00 19580.00
2003/01/28 10:29 7.83 7.84 7.83 7.83 47.00 36811.00
2003/01/28 10:30 7.83 7.83 7.82 7.82 31.00 24267.00
2003/01/28 10:31 7.83 7.83 7.83 7.83 79.00 61857.00
2003/01/28 10:32 7.83 7.83 7.83 7.83 38.00 29754.00
2003/01/28 10:33 7.84 7.84 7.83 7.83 17.00 13321.00
2003/01/28 10:34 7.84 7.84 7.84 7.84 14.00 10975.00
2003/01/28 10:35 7.84 7.84 7.84 7.84 101.60 79655.00
2003/01/28 10:36 7.84 7.84 7.84 7.84 584.89 457349.00
2003/01/28 10:37 7.83 7.83 7.83 7.83 38.00 29759.00
2003/01/28 10:38 7.83 7.83 7.83 7.83 98.60 77219.00
2003/01/28 10:39 7.83 7.83 7.83 7.83 83.40 65278.00
2003/01/28 10:40 7.83 7.83 7.81 7.81 47.17 36858.00
2003/01/28 10:41 7.81 7.81 7.81 7.81 106.00 82786.00
2003/01/28 10:42 7.81 7.81 7.80 7.80 212.26 165823.00
2003/01/28 10:43 7.81 7.81 7.80 7.80 270.52 211010.00
2003/01/28 10:44 7.80 7.80 7.80 7.80 312.48 243775.00
2003/01/28 10:45 7.80 7.80 7.79 7.80 110.00 85754.00
2003/01/28 10:46 7.80 7.82 7.80 7.82 76.80 59929.00
2003/01/28 10:47 7.81 7.81 7.80 7.80 126.58 98768.00
2003/01/28 10:48 7.80 7.80 7.80 7.80 46.40 36239.00
2003/01/28 10:49 7.80 7.80 7.80 7.80 0.00 0.00
2003/01/28 10:50 7.80 7.80 7.80 7.80 10.00 7810.00
2003/01/28 10:51 7.83 7.83 7.82 7.82 71.00 55588.00
2003/01/28 10:52 7.82 7.82 7.82 7.82 29.00 22679.00
2003/01/28 10:53 7.80 7.80 7.80 7.80 30.00 23405.00
2003/01/28 10:54 7.80 7.80 7.80 7.80 21.10 16463.00
2003/01/28 10:55 7.80 7.82 7.80 7.81 30.00 23435.00
2003/01/28 10:56 7.80 7.80 7.80 7.80 10.00 7805.00
2003/01/28 10:57 7.80 7.80 7.80 7.80 41.60 32458.00
2003/01/28 10:58 7.81 7.81 7.81 7.81 4.00 3124.00
2003/01/28 10:59 7.80 7.81 7.80 7.80 23.00 17950.00
2003/01/28 11:00 7.81 7.81 7.81 7.81 10.00 7810.00
2003/01/28 11:01 7.81 7.81 7.81 7.81 0.00 0.00
2003/01/28 11:02 7.81 7.81 7.81 7.81 29.00 22649.00
2003/01/28 11:03 7.81 7.81 7.81 7.81 10.00 7810.00
2003/01/28 11:04 7.81 7.81 7.81 7.81 40.00 31240.00
2003/01/28 11:05 7.82 7.82 7.81 7.81 127.00 99194.00
2003/01/28 11:06 7.82 7.82 7.82 7.82 5.00 3910.00
2003/01/28 11:07 7.80 7.82 7.80 7.81 36.00 28104.00
2003/01/28 11:08 7.81 7.81 7.81 7.81 20.00 15620.00
2003/01/28 11:09 7.80 7.81 7.80 7.80 172.84 134824.00
2003/01/28 11:10 7.81 7.81 7.80 7.80 183.68 143304.00
2003/01/28 11:11 7.79 7.79 7.79 7.79 20.00 15580.00
2003/01/28 11:12 7.78 7.78 7.78 7.78 51.00 39720.00
2003/01/28 11:13 7.78 7.78 7.77 7.77 121.00 94123.00
2003/01/28 11:14 7.77 7.77 7.77 7.77 78.00 60606.00
2003/01/28 11:15 7.77 7.77 7.77 7.77 15.96 12401.00
2003/01/28 11:16 7.77 7.77 7.77 7.77 65.51 50911.00
2003/01/28 11:17 7.77 7.78 7.77 7.78 11.00 8552.00
2003/01/28 11:18 7.78 7.78 7.78 7.78 51.00 39678.00
2003/01/28 11:19 7.78 7.78 7.78 7.78 99.00 77022.00
2003/01/28 11:20 7.78 7.78 7.78 7.78 6.00 4668.00
2003/01/28 11:21 7.79 7.79 7.79 7.79 5.00 5364.00
2003/01/28 11:22 7.79 7.80 7.79 7.80 15.00 10221.00
2003/01/28 11:23 7.80 7.80 7.80 7.80 48.00 37440.00
2003/01/28 11:24 7.79 7.80 7.79 7.80 34.00 27957.00
2003/01/28 11:25 7.79 7.79 7.79 7.79 8.00 6232.00
2003/01/28 11:26 7.79 7.79 7.79 7.79 5.00 3895.00
2003/01/28 11:27 7.80 7.80 7.78 7.78 28.00 21830.00
2003/01/28 11:28 7.78 7.80 7.78 7.80 20.00 14081.00
2003/01/28 11:29 7.80 7.80 7.80 7.80 0.00 0.00
2003/01/28 11:30 7.78 7.78 7.78 7.78 30.00 23340.00
2003/01/28 11:31 7.79 7.80 7.79 7.79 23.00 17924.00
2003/01/28 13:02 7.79 7.79 7.79 7.79 0.00 0.00
2003/01/28 13:03 7.79 7.79 7.79 7.79 10.00 7790.00
2003/01/28 13:04 7.79 7.79 7.79 7.79 40.00 31160.00
2003/01/28 13:05 7.79 7.79 7.79 7.79 0.00 0.00
2003/01/28 13:06 7.79 7.79 7.79 7.79 0.00 0.00
2003/01/28 13:07 7.79 7.79 7.79 7.79 36.00 28044.00
2003/01/28 13:08 7.81 7.81 7.78 7.78 144.00 112127.00
2003/01/28 13:09 7.78 7.78 7.78 7.78 20.00 15570.00
2003/01/28 13:10 7.80 7.80 7.80 7.80 5.00 3900.00
2003/01/28 13:11 7.80 7.80 7.80 7.80 0.00 0.00
2003/01/28 13:12 7.78 7.80 7.78 7.80 160.00 124531.00
2003/01/28 13:13 7.79 7.79 7.78 7.78 43.40 33810.00
2003/01/28 13:14 7.78 7.78 7.78 7.78 0.00 0.00
2003/01/28 13:15 7.81 7.81 7.81 7.81 5.16 4029.00
2003/01/28 13:16 7.81 7.81 7.81 7.81 20.00 15620.00
2003/01/28 13:17 7.79 7.79 7.79 7.79 17.84 13902.00
2003/01/28 13:18 7.79 7.79 7.79 7.79 53.00 41287.00
2003/01/28 13:19 7.79 7.79 7.79 7.79 0.00 0.00
2003/01/28 13:20 7.79 7.79 7.79 7.79 0.00 0.00
2003/01/28 13:21 7.79 7.79 7.79 7.79 0.00 0.00
2003/01/28 13:22 7.79 7.79 7.79 7.79 0.00 0.00
2003/01/28 13:23 7.80 7.80 7.80 7.80 10.00 7800.00
2003/01/28 13:24 7.81 7.81 7.81 7.81 39.00 30459.00
2003/01/28 13:25 7.81 7.81 7.81 7.81 15.00 11715.00
2003/01/28 13:26 7.81 7.81 7.81 7.81 56.00 43730.00
2003/01/28 13:27 7.81 7.81 7.80 7.81 82.00 63973.00
2003/01/28 13:28 7.82 7.82 7.80 7.80 71.00 55441.00
2003/01/28 13:29 7.80 7.80 7.80 7.80 0.00 0.00
2003/01/28 13:30 7.80 7.81 7.80 7.81 21.00 16398.00
2003/01/28 13:31 7.82 7.82 7.82 7.82 20.00 15640.00
2003/01/28 13:32 7.82 7.82 7.82 7.82 91.76 71756.00
2003/01/28 13:33 7.83 7.84 7.83 7.83 227.00 177816.00
2003/01/28 13:34 7.84 7.84 7.83 7.83 45.00 35274.00
2003/01/28 13:35 7.83 7.83 7.83 7.83 11.00 8614.00
2003/01/28 13:36 7.84 7.84 7.84 7.84 10.00 7840.00
2003/01/28 13:37 7.84 7.84 7.82 7.84 125.00 97821.00
2003/01/28 13:38 7.83 7.83 7.83 7.83 23.00 18009.00
2003/01/28 13:39 7.83 7.83 7.83 7.83 22.00 17226.00
2003/01/28 13:40 7.82 7.84 7.82 7.84 79.00 61830.00
2003/01/28 13:41 7.82 7.82 7.82 7.82 16.00 12513.00
2003/01/28 13:42 7.82 7.82 7.82 7.82 13.00 10171.00
2003/01/28 13:43 7.82 7.82 7.82 7.82 2.00 1564.00
2003/01/28 13:44 7.82 7.82 7.82 7.82 0.00 0.00
2003/01/28 13:45 7.81 7.83 7.81 7.82 105.00 82087.00
2003/01/28 13:46 7.83 7.83 7.83 7.83 12.40 9699.00
2003/01/28 13:47 7.83 7.84 7.83 7.84 6.00 4701.00
2003/01/28 13:48 7.84 7.84 7.84 7.84 24.00 18816.00
2003/01/28 13:49 7.84 7.84 7.84 7.84 0.00 0.00
2003/01/28 13:50 7.83 7.84 7.83 7.84 35.00 27435.00
2003/01/28 13:51 7.85 7.85 7.83 7.83 15.00 11762.00
2003/01/28 13:52 7.83 7.83 7.83 7.83 7.00 5481.00
2003/01/28 13:53 7.83 7.83 7.83 7.83 38.00 29754.00
2003/01/28 13:54 7.83 7.83 7.83 7.83 76.60 59977.00
2003/01/28 13:55 7.82 7.83 7.82 7.82 18.00 14079.00
2003/01/28 13:56 7.83 7.83 7.82 7.82 73.00 57108.00
2003/01/28 13:57 7.81 7.81 7.81 7.81 25.00 19535.00
2003/01/28 13:58 7.80 7.80 7.80 7.80 40.24 33161.00
2003/01/28 13:59 7.81 7.81 7.80 7.81 146.00 112213.00
2003/01/28 14:00 7.80 7.80 7.80 7.80 138.83 108287.00
2003/01/28 14:01 7.80 7.80 7.80 7.80 35.00 27300.00
2003/01/28 14:02 7.80 7.81 7.80 7.81 55.00 42925.00
2003/01/28 14:03 7.80 7.80 7.80 7.80 120.00 93600.00
2003/01/28 14:04 7.80 7.80 7.80 7.80 45.00 35100.00
2003/01/28 14:05 7.80 7.80 7.80 7.80 66.17 51613.00
2003/01/28 14:06 7.79 7.79 7.79 7.79 10.00 7790.00
2003/01/28 14:07 7.80 7.80 7.79 7.80 53.00 41330.00
2003/01/28 14:08 7.79 7.80 7.79 7.80 63.59 49571.00
2003/01/28 14:09 7.80 7.80 7.80 7.80 14.00 10920.00
2003/01/28 14:10 7.81 7.81 7.81 7.81 2.88 2249.00
2003/01/28 14:11 7.81 7.82 7.81 7.82 29.00 22669.00
2003/01/28 14:12 7.82 7.82 7.82 7.82 1.00 782.00
2003/01/28 14:13 7.82 7.82 7.82 7.82 12.20 9541.00
2003/01/28 14:14 7.82 7.82 7.80 7.81 150.80 117833.00
2003/01/28 14:15 7.81 7.81 7.80 7.80 47.00 36704.00
2003/01/28 14:16 7.79 7.79 7.79 7.79 80.00 62364.00
2003/01/28 14:17 7.80 7.80 7.80 7.80 48.00 37440.00
2003/01/28 14:18 7.80 7.80 7.80 7.80 0.00 0.00
2003/01/28 14:19 7.80 7.80 7.79 7.80 307.53 239661.00
2003/01/28 14:20 7.80 7.80 7.79 7.79 39.44 30729.00
2003/01/28 14:21 7.80 7.80 7.80 7.80 42.47 33127.00
2003/01/28 14:22 7.80 7.80 7.80 7.80 13.10 10223.00
2003/01/28 14:23 7.80 7.81 7.80 7.81 10.00 7806.00
2003/01/28 14:24 7.82 7.82 7.81 7.81 41.00 32031.00
2003/01/28 14:25 7.81 7.81 7.81 7.81 89.07 69600.00
2003/01/28 14:26 7.81 7.82 7.81 7.82 28.80 22513.00
2003/01/28 14:27 7.82 7.83 7.82 7.83 40.40 31592.00
2003/01/28 14:28 7.83 7.83 7.83 7.83 24.00 18792.00
2003/01/28 14:29 7.84 7.84 7.84 7.84 7.00 5488.00
2003/01/28 14:30 7.84 7.84 7.84 7.84 20.00 15680.00
2003/01/28 14:31 7.83 7.83 7.83 7.83 8.00 6264.00
2003/01/28 14:32 7.83 7.84 7.83 7.84 25.90 20303.00
2003/01/28 14:33 7.83 7.83 7.83 7.83 15.80 12371.00
2003/01/28 14:34 7.83 7.83 7.83 7.83 0.00 0.00
2003/01/28 14:35 7.83 7.83 7.83 7.83 73.00 57166.00
2003/01/28 14:36 7.83 7.84 7.83 7.84 15.00 11755.00
2003/01/28 14:37 7.83 7.83 7.83 7.83 10.00 7830.00
2003/01/28 14:38 7.84 7.84 7.84 7.84 15.00 11760.00
2003/01/28 14:39 7.84 7.84 7.83 7.84 110.80 86860.00
2003/01/28 14:40 7.84 7.84 7.84 7.84 0.00 0.00
2003/01/28 14:41 7.85 7.85 7.84 7.85 81.20 63736.00
2003/01/28 14:42 7.85 7.85 7.85 7.85 40.00 31410.00
2003/01/28 14:43 7.85 7.85 7.85 7.85 42.00 32983.00
2003/01/28 14:44 7.85 7.85 7.85 7.85 22.00 17288.00
2003/01/28 14:45 7.86 7.86 7.85 7.85 89.00 69919.00
2003/01/28 14:46 7.86 7.88 7.85 7.88 131.70 103567.00
2003/01/28 14:47 7.86 7.86 7.85 7.85 31.00 24404.00
2003/01/28 14:48 7.88 7.88 7.85 7.87 29.00 22806.00
2003/01/28 14:49 7.86 7.87 7.86 7.87 21.00 16516.00
2003/01/28 14:50 7.86 7.87 7.86 7.86 38.00 29877.00
2003/01/28 14:51 7.87 7.87 7.86 7.86 62.00 48731.00
2003/01/28 14:52 7.87 7.87 7.86 7.86 63.00 49546.00
2003/01/28 14:53 7.86 7.86 7.86 7.86 73.00 57398.00
2003/01/28 14:54 7.86 7.87 7.85 7.87 150.00 117996.00
2003/01/28 14:55 7.87 7.87 7.87 7.87 6.00 4722.00
2003/01/28 14:56 7.87 7.87 7.87 7.87 53.80 42340.00
2003/01/28 14:57 7.87 7.88 7.87 7.88 51.20 40300.00
2003/01/28 14:58 7.88 7.88 7.87 7.88 76.52 60263.00
2003/01/28 14:59 7.87 7.87 7.87 7.87 90.48 72845.00
2003/01/28 15:00 7.87 7.88 7.86 7.87 74.52 57037.00
