2003/01/08 09:31 6.82 6.82 6.82 6.82 0.00 0.00
2003/01/08 09:32 6.82 6.82 6.82 6.82 0.00 0.00
2003/01/08 09:33 6.82 6.82 6.82 6.82 0.00 0.00
2003/01/08 09:34 6.82 6.82 6.82 6.82 10.00 6820.00
2003/01/08 09:35 6.82 6.82 6.82 6.82 0.00 0.00
2003/01/08 09:36 6.82 6.82 6.82 6.82 2.00 1364.00
2003/01/08 09:37 6.82 6.82 6.82 6.82 5.00 3410.00
2003/01/08 09:38 6.82 6.82 6.82 6.82 0.00 0.00
2003/01/08 09:39 6.82 6.82 6.82 6.82 0.00 0.00
2003/01/08 09:40 6.82 6.82 6.82 6.82 3.00 2046.00
2003/01/08 09:41 6.80 6.80 6.80 6.80 7.00 4760.00
2003/01/08 09:42 6.80 6.80 6.80 6.80 0.00 0.00
2003/01/08 09:43 6.80 6.80 6.80 6.80 10.00 6800.00
2003/01/08 09:44 6.80 6.80 6.80 6.80 0.00 0.00
2003/01/08 09:45 6.80 6.80 6.80 6.80 0.00 0.00
2003/01/08 09:46 6.80 6.80 6.80 6.80 0.00 0.00
2003/01/08 09:47 6.80 6.80 6.80 6.80 0.00 0.00
2003/01/08 09:48 6.80 6.80 6.80 6.80 0.00 0.00
2003/01/08 09:49 6.80 6.80 6.80 6.80 0.00 0.00
2003/01/08 09:50 6.80 6.80 6.80 6.80 0.00 0.00
2003/01/08 09:51 6.85 6.85 6.85 6.85 35.20 24112.00
2003/01/08 09:52 6.85 6.85 6.85 6.85 0.00 0.00
2003/01/08 09:53 6.85 6.85 6.85 6.85 0.00 0.00
2003/01/08 09:54 6.85 6.85 6.85 6.85 0.00 0.00
2003/01/08 09:55 6.85 6.85 6.85 6.85 0.00 0.00
2003/01/08 09:56 6.85 6.85 6.85 6.85 0.00 0.00
2003/01/08 09:57 6.85 6.87 6.85 6.87 13.00 8919.00
2003/01/08 09:58 6.87 6.87 6.87 6.87 0.00 0.00
2003/01/08 09:59 6.85 6.85 6.85 6.85 4.00 2740.00
2003/01/08 10:00 6.85 6.85 6.85 6.85 0.00 0.00
2003/01/08 10:01 6.85 6.85 6.85 6.85 0.00 0.00
2003/01/08 10:02 6.85 6.85 6.85 6.85 0.00 0.00
2003/01/08 10:03 6.85 6.85 6.85 6.85 5.00 3425.00
2003/01/08 10:04 6.85 6.85 6.85 6.85 0.00 0.00
2003/01/08 10:05 6.85 6.85 6.85 6.85 0.00 0.00
2003/01/08 10:06 6.87 6.87 6.87 6.87 10.00 6870.00
2003/01/08 10:07 6.87 6.87 6.87 6.87 0.00 0.00
2003/01/08 10:08 6.87 6.87 6.87 6.87 10.00 6870.00
2003/01/08 10:09 6.87 6.87 6.87 6.87 0.00 0.00
2003/01/08 10:10 6.87 6.87 6.87 6.87 0.00 0.00
2003/01/08 10:11 6.87 6.87 6.87 6.87 0.00 0.00
2003/01/08 10:12 6.87 6.87 6.87 6.87 24.60 16900.20
2003/01/08 10:13 6.87 6.87 6.87 6.87 0.00 0.00
2003/01/08 10:14 6.88 6.88 6.88 6.88 3.60 2476.80
2003/01/08 10:15 6.88 6.88 6.88 6.88 0.00 0.00
2003/01/08 10:16 6.88 6.88 6.88 6.88 0.00 0.00
2003/01/08 10:17 6.88 6.88 6.88 6.88 8.40 5779.20
2003/01/08 10:18 6.88 6.88 6.88 6.88 0.00 0.00
2003/01/08 10:19 6.88 6.88 6.88 6.88 0.00 0.00
2003/01/08 10:20 6.88 6.88 6.88 6.88 0.00 0.00
2003/01/08 10:21 6.88 6.88 6.88 6.88 0.00 0.00
2003/01/08 10:22 6.88 6.88 6.88 6.88 0.00 0.00
2003/01/08 10:23 6.88 6.88 6.88 6.88 0.00 0.00
2003/01/08 10:24 6.88 6.88 6.88 6.88 0.00 0.00
2003/01/08 10:25 6.88 6.88 6.88 6.88 0.00 0.00
2003/01/08 10:26 6.85 6.85 6.85 6.85 58.20 39867.80
2003/01/08 10:27 6.83 6.83 6.83 6.83 15.00 10245.00
2003/01/08 10:28 6.83 6.83 6.83 6.83 5.00 3415.00
2003/01/08 10:29 6.85 6.85 6.85 6.85 5.00 3425.00
2003/01/08 10:30 6.83 6.83 6.83 6.83 10.00 6830.00
2003/01/08 10:31 6.83 6.83 6.83 6.83 0.00 0.00
2003/01/08 10:32 6.83 6.83 6.83 6.83 0.00 0.00
2003/01/08 10:33 6.83 6.83 6.83 6.83 0.00 0.00
2003/01/08 10:34 6.83 6.83 6.83 6.83 10.00 6830.00
2003/01/08 10:35 6.83 6.83 6.83 6.83 0.00 0.00
2003/01/08 10:36 6.85 6.85 6.85 6.85 3.00 2055.00
2003/01/08 10:37 6.85 6.85 6.85 6.85 0.00 0.00
2003/01/08 10:38 6.85 6.85 6.85 6.85 0.00 0.00
2003/01/08 10:39 6.85 6.85 6.85 6.85 2.00 1370.00
2003/01/08 10:40 6.85 6.85 6.85 6.85 0.00 0.00
2003/01/08 10:41 6.85 6.85 6.85 6.85 0.00 0.00
2003/01/08 10:42 6.85 6.85 6.85 6.85 105.00 71925.00
2003/01/08 10:43 6.85 6.86 6.85 6.86 31.40 21530.41
2003/01/08 10:44 6.87 6.87 6.87 6.87 30.00 20610.00
2003/01/08 10:45 6.88 6.88 6.88 6.88 37.67 25916.97
2003/01/08 10:46 6.88 6.88 6.88 6.88 0.00 0.00
2003/01/08 10:47 6.88 6.88 6.88 6.88 5.00 3440.00
2003/01/08 10:48 6.88 6.88 6.88 6.88 7.33 5043.03
2003/01/08 10:49 6.88 6.88 6.88 6.88 0.00 0.00
2003/01/08 10:50 6.88 6.88 6.88 6.88 0.00 0.00
2003/01/08 10:51 6.88 6.88 6.88 6.88 0.00 0.00
2003/01/08 10:52 6.86 6.86 6.86 6.86 8.60 5899.59
2003/01/08 10:53 6.86 6.86 6.86 6.86 0.00 0.00
2003/01/08 10:54 6.86 6.86 6.86 6.86 0.00 0.00
2003/01/08 10:55 6.86 6.86 6.86 6.86 0.00 0.00
2003/01/08 10:56 6.86 6.86 6.86 6.86 5.40 3704.41
2003/01/08 10:57 6.86 6.86 6.86 6.86 0.00 0.00
2003/01/08 10:58 6.86 6.86 6.86 6.86 0.00 0.00
2003/01/08 10:59 6.86 6.86 6.86 6.86 0.00 0.00
2003/01/08 11:00 6.87 6.87 6.87 6.87 6.00 4122.00
2003/01/08 11:01 6.87 6.87 6.87 6.87 50.00 34350.00
2003/01/08 11:02 6.87 6.87 6.86 6.86 10.00 6865.00
2003/01/08 11:03 6.87 6.87 6.87 6.87 10.00 6870.00
2003/01/08 11:04 6.87 6.87 6.87 6.87 0.00 0.00
2003/01/08 11:05 6.87 6.87 6.87 6.87 0.00 0.00
2003/01/08 11:06 6.86 6.86 6.85 6.85 41.10 28162.31
2003/01/08 11:07 6.85 6.85 6.85 6.85 0.00 0.00
2003/01/08 11:08 6.86 6.86 6.86 6.86 4.00 2744.00
2003/01/08 11:09 6.86 6.86 6.86 6.86 0.00 0.00
2003/01/08 11:10 6.86 6.86 6.86 6.86 0.00 0.00
2003/01/08 11:11 6.86 6.86 6.86 6.86 0.00 0.00
2003/01/08 11:12 6.86 6.86 6.86 6.86 0.00 0.00
2003/01/08 11:13 6.85 6.85 6.85 6.85 10.00 6850.00
2003/01/08 11:14 6.85 6.85 6.85 6.85 0.00 0.00
2003/01/08 11:15 6.85 6.85 6.85 6.85 22.50 15412.50
2003/01/08 11:16 6.85 6.85 6.85 6.85 0.00 0.00
2003/01/08 11:17 6.85 6.85 6.85 6.85 0.00 0.00
2003/01/08 11:18 6.85 6.85 6.85 6.85 6.00 4110.00
2003/01/08 11:19 6.85 6.85 6.85 6.85 0.00 0.00
2003/01/08 11:20 6.83 6.83 6.83 6.83 17.00 11611.00
2003/01/08 11:21 6.83 6.83 6.83 6.83 0.00 0.00
2003/01/08 11:22 6.83 6.83 6.83 6.83 7.00 4781.00
2003/01/08 11:23 6.85 6.85 6.85 6.85 5.00 3425.00
2003/01/08 11:24 6.85 6.85 6.85 6.85 0.00 0.00
2003/01/08 11:25 6.85 6.85 6.85 6.85 0.00 0.00
2003/01/08 11:26 6.85 6.85 6.85 6.85 0.00 0.00
2003/01/08 11:27 6.85 6.85 6.85 6.85 0.00 0.00
2003/01/08 11:28 6.85 6.85 6.85 6.85 0.00 0.00
2003/01/08 11:29 6.85 6.85 6.85 6.85 0.00 0.00
2003/01/08 11:30 6.85 6.85 6.85 6.85 0.00 0.00
2003/01/08 11:31 6.83 6.83 6.83 6.83 8.64 5901.13
2003/01/08 13:02 6.84 6.84 6.84 6.84 1.00 684.00
2003/01/08 13:03 6.84 6.84 6.84 6.84 0.00 0.00
2003/01/08 13:04 6.84 6.84 6.84 6.84 0.00 0.00
2003/01/08 13:05 6.84 6.84 6.84 6.84 0.00 0.00
2003/01/08 13:06 6.84 6.84 6.84 6.84 0.00 0.00
2003/01/08 13:07 6.84 6.84 6.84 6.84 0.00 0.00
2003/01/08 13:08 6.84 6.84 6.84 6.84 0.00 0.00
2003/01/08 13:09 6.84 6.84 6.84 6.84 0.00 0.00
2003/01/08 13:10 6.84 6.84 6.84 6.84 5.40 3693.59
2003/01/08 13:11 6.84 6.84 6.84 6.84 0.00 0.00
2003/01/08 13:12 6.84 6.84 6.84 6.84 0.00 0.00
2003/01/08 13:13 6.84 6.84 6.84 6.84 3.00 2052.00
2003/01/08 13:14 6.84 6.84 6.84 6.84 0.00 0.00
2003/01/08 13:15 6.84 6.84 6.84 6.84 0.00 0.00
2003/01/08 13:16 6.84 6.84 6.84 6.84 17.00 11628.00
2003/01/08 13:17 6.84 6.84 6.84 6.84 0.00 0.00
2003/01/08 13:18 6.84 6.84 6.84 6.84 0.00 0.00
2003/01/08 13:19 6.84 6.84 6.84 6.84 3.60 2462.41
2003/01/08 13:20 6.84 6.84 6.84 6.84 5.00 3420.00
2003/01/08 13:21 6.84 6.84 6.84 6.84 0.00 0.00
2003/01/08 13:22 6.83 6.83 6.83 6.83 2.00 1366.00
2003/01/08 13:23 6.83 6.83 6.83 6.83 0.00 0.00
2003/01/08 13:24 6.83 6.83 6.83 6.83 0.00 0.00
2003/01/08 13:25 6.83 6.83 6.83 6.83 0.00 0.00
2003/01/08 13:26 6.83 6.83 6.83 6.83 0.00 0.00
2003/01/08 13:27 6.83 6.83 6.83 6.83 0.00 0.00
2003/01/08 13:28 6.84 6.84 6.84 6.84 4.00 2736.00
2003/01/08 13:29 6.84 6.84 6.84 6.84 2.00 1368.00
2003/01/08 13:30 6.84 6.84 6.84 6.84 14.40 9849.59
2003/01/08 13:31 6.85 6.85 6.85 6.85 5.00 3425.00
2003/01/08 13:32 6.85 6.85 6.85 6.85 0.00 0.00
2003/01/08 13:33 6.85 6.85 6.85 6.85 0.00 0.00
2003/01/08 13:34 6.85 6.85 6.85 6.85 5.00 3425.00
2003/01/08 13:35 6.85 6.85 6.85 6.85 0.00 0.00
2003/01/08 13:36 6.85 6.85 6.85 6.85 1.00 685.00
2003/01/08 13:37 6.85 6.85 6.85 6.85 10.00 6850.00
2003/01/08 13:38 6.85 6.85 6.85 6.85 40.00 27400.00
2003/01/08 13:39 6.85 6.85 6.85 6.85 13.00 8905.00
2003/01/08 13:40 6.85 6.85 6.85 6.85 10.00 6850.00
2003/01/08 13:41 6.85 6.85 6.85 6.85 5.00 3425.00
2003/01/08 13:42 6.84 6.84 6.84 6.84 10.60 7250.38
2003/01/08 13:43 6.84 6.84 6.84 6.84 0.00 0.00
2003/01/08 13:44 6.84 6.84 6.84 6.84 4.40 3009.63
2003/01/08 13:45 6.84 6.84 6.84 6.84 0.00 0.00
2003/01/08 13:46 6.84 6.84 6.84 6.84 0.00 0.00
2003/01/08 13:47 6.84 6.84 6.84 6.84 25.60 17510.38
2003/01/08 13:48 6.84 6.84 6.84 6.84 0.00 0.00
2003/01/08 13:49 6.84 6.84 6.84 6.84 0.00 0.00
2003/01/08 13:50 6.82 6.82 6.82 6.82 20.00 13640.00
2003/01/08 13:51 6.82 6.82 6.82 6.82 0.00 0.00
2003/01/08 13:52 6.82 6.82 6.82 6.82 0.00 0.00
2003/01/08 13:53 6.83 6.83 6.83 6.83 20.00 13660.00
2003/01/08 13:54 6.83 6.84 6.82 6.84 14.00 9571.00
2003/01/08 13:55 6.84 6.84 6.84 6.84 10.00 6840.00
2003/01/08 13:56 6.84 6.84 6.84 6.84 0.00 0.00
2003/01/08 13:57 6.84 6.84 6.84 6.84 6.90 4719.63
2003/01/08 13:58 6.84 6.84 6.84 6.84 0.00 0.00
2003/01/08 13:59 6.85 6.85 6.85 6.85 30.00 20550.00
2003/01/08 14:00 6.84 6.85 6.84 6.85 11.50 7867.50
2003/01/08 14:01 6.85 6.85 6.85 6.85 5.00 3425.00
2003/01/08 14:02 6.85 6.85 6.85 6.85 34.44 23591.38
2003/01/08 14:03 6.88 6.88 6.84 6.84 67.16 46105.44
2003/01/08 14:04 6.84 6.84 6.84 6.84 3.00 2052.00
2003/01/08 14:05 6.84 6.84 6.84 6.84 0.00 0.00
2003/01/08 14:06 6.84 6.84 6.84 6.84 0.00 0.00
2003/01/08 14:07 6.85 6.88 6.85 6.88 49.30 33915.38
2003/01/08 14:08 6.86 6.86 6.86 6.86 9.70 6654.19
2003/01/08 14:09 6.86 6.86 6.86 6.86 0.00 0.00
2003/01/08 14:10 6.86 6.86 6.86 6.86 20.00 13720.00
2003/01/08 14:11 6.86 6.86 6.86 6.86 0.00 0.00
2003/01/08 14:12 6.86 6.86 6.86 6.86 16.00 10976.00
2003/01/08 14:13 6.86 6.86 6.86 6.86 0.00 0.00
2003/01/08 14:14 6.86 6.86 6.86 6.86 0.00 0.00
2003/01/08 14:15 6.86 6.86 6.85 6.85 104.00 71337.00
2003/01/08 14:16 6.85 6.85 6.85 6.85 18.00 12330.00
2003/01/08 14:17 6.85 6.85 6.85 6.85 8.60 5891.00
2003/01/08 14:18 6.84 6.84 6.84 6.84 10.00 6840.00
2003/01/08 14:19 6.85 6.85 6.85 6.85 20.00 13700.00
2003/01/08 14:20 6.85 6.85 6.85 6.85 0.00 0.00
2003/01/08 14:21 6.85 6.85 6.85 6.85 0.00 0.00
2003/01/08 14:22 6.85 6.85 6.85 6.85 1.00 685.00
2003/01/08 14:23 6.85 6.85 6.85 6.85 0.00 0.00
2003/01/08 14:24 6.85 6.85 6.85 6.85 9.00 6165.00
2003/01/08 14:25 6.84 6.84 6.84 6.84 21.60 14774.38
2003/01/08 14:26 6.84 6.84 6.84 6.84 0.00 0.00
2003/01/08 14:27 6.84 6.85 6.84 6.85 63.00 43095.00
2003/01/08 14:28 6.85 6.86 6.85 6.86 27.00 18505.00
2003/01/08 14:29 6.86 6.86 6.86 6.86 19.00 13034.00
2003/01/08 14:30 6.86 6.86 6.86 6.86 204.80 140492.81
2003/01/08 14:31 6.88 6.90 6.88 6.90 66.72 45915.38
2003/01/08 14:32 6.90 6.90 6.90 6.90 159.30 109917.00
2003/01/08 14:33 6.90 6.93 6.90 6.93 60.00 41550.00
2003/01/08 14:34 6.93 6.93 6.93 6.93 74.40 51559.25
2003/01/08 14:35 6.96 6.96 6.93 6.93 121.00 84207.00
2003/01/08 14:36 6.96 6.98 6.96 6.98 80.00 55740.00
2003/01/08 14:37 6.96 6.97 6.96 6.97 8.00 5573.00
2003/01/08 14:38 6.98 6.98 6.98 6.98 78.00 54444.00
2003/01/08 14:39 6.98 6.98 6.98 6.98 79.84 55728.38
2003/01/08 14:40 6.98 7.00 6.98 7.00 212.00 148386.00
2003/01/08 14:41 6.98 7.00 6.98 7.00 87.00 60841.00
2003/01/08 14:42 6.99 7.01 6.99 7.01 78.60 55016.63
2003/01/08 14:43 7.01 7.01 7.00 7.00 52.28 36621.00
2003/01/08 14:44 7.00 7.01 7.00 7.01 96.00 67226.00
2003/01/08 14:45 7.01 7.01 6.99 6.99 25.72 18019.75
2003/01/08 14:46 7.00 7.00 6.98 6.98 40.00 27936.00
2003/01/08 14:47 6.98 6.98 6.97 6.97 4.40 3070.25
2003/01/08 14:48 6.96 6.98 6.96 6.98 48.40 33777.13
2003/01/08 14:49 6.99 6.99 6.96 6.98 51.00 35577.00
2003/01/08 14:50 6.98 6.98 6.98 6.98 5.00 3490.00
2003/01/08 14:51 6.99 6.99 6.99 6.99 75.00 52425.00
2003/01/08 14:52 6.99 7.00 6.99 7.00 273.16 191162.25
2003/01/08 14:53 7.00 7.01 7.00 7.01 85.28 59771.25
2003/01/08 14:54 7.01 7.02 7.01 7.02 47.44 33301.00
2003/01/08 14:55 7.02 7.03 7.02 7.03 28.00 19676.00
2003/01/08 14:56 7.04 7.04 7.03 7.03 61.00 42939.00
2003/01/08 14:57 7.04 7.04 7.03 7.04 59.00 41528.00
2003/01/08 14:58 7.05 7.05 7.04 7.04 58.00 40877.00
2003/01/08 14:59 7.03 7.04 7.03 7.04 196.00 137794.00
2003/01/08 15:01 7.05 7.05 7.05 7.05 15.00 10568.75
