2003/01/10 09:31 7.17 7.18 7.17 7.18 58.56 42003.52
2003/01/10 09:32 7.17 7.17 7.17 7.17 20.00 14340.00
2003/01/10 09:33 7.17 7.17 7.17 7.17 3.00 2151.00
2003/01/10 09:34 7.17 7.17 7.17 7.17 8.44 6051.48
2003/01/10 09:35 7.17 7.17 7.17 7.17 0.00 0.00
2003/01/10 09:36 7.13 7.17 7.13 7.14 13.00 9294.00
2003/01/10 09:37 7.14 7.14 7.14 7.14 1.60 1142.40
2003/01/10 09:38 7.14 7.17 7.14 7.17 33.00 23607.00
2003/01/10 09:39 7.15 7.15 7.15 7.15 8.00 5720.00
2003/01/10 09:40 7.17 7.17 7.17 7.17 29.91 21445.47
2003/01/10 09:41 7.18 7.18 7.18 7.18 52.00 37335.99
2003/01/10 09:42 7.18 7.19 7.17 7.18 129.80 93144.41
2003/01/10 09:43 7.18 7.21 7.18 7.21 227.12 163634.52
2003/01/10 09:44 7.24 7.24 7.23 7.23 96.00 69428.00
2003/01/10 09:45 7.23 7.24 7.23 7.24 162.00 117160.03
2003/01/10 09:46 7.24 7.24 7.23 7.23 108.00 78166.00
2003/01/10 09:47 7.23 7.24 7.23 7.24 66.00 47771.00
2003/01/10 09:48 7.23 7.24 7.22 7.24 155.00 111955.00
2003/01/10 09:49 7.23 7.23 7.23 7.23 20.00 14460.00
2003/01/10 09:50 7.23 7.23 7.20 7.20 246.88 177786.63
2003/01/10 09:51 7.20 7.21 7.20 7.20 50.00 36042.06
2003/01/10 09:52 7.21 7.21 7.21 7.21 3.52 2537.88
2003/01/10 09:53 7.22 7.22 7.21 7.21 31.00 22352.00
2003/01/10 09:54 7.22 7.22 7.22 7.22 17.00 12274.00
2003/01/10 09:55 7.22 7.22 7.21 7.21 75.48 54464.13
2003/01/10 09:56 7.20 7.20 7.20 7.20 10.00 7200.00
2003/01/10 09:57 7.20 7.20 7.20 7.20 26.00 18720.00
2003/01/10 09:58 7.20 7.20 7.20 7.20 62.00 44640.00
2003/01/10 09:59 7.18 7.18 7.18 7.18 19.00 13642.00
2003/01/10 10:00 7.18 7.18 7.18 7.18 10.00 7180.00
2003/01/10 10:01 7.18 7.18 7.18 7.18 16.00 11488.00
2003/01/10 10:02 7.18 7.18 7.18 7.18 62.00 44516.00
2003/01/10 10:03 7.18 7.18 7.18 7.18 37.00 26566.00
2003/01/10 10:04 7.19 7.19 7.19 7.19 5.60 4026.38
2003/01/10 10:05 7.19 7.19 7.19 7.19 12.40 8915.63
2003/01/10 10:06 7.19 7.19 7.18 7.18 17.60 12649.38
2003/01/10 10:07 7.18 7.18 7.18 7.18 65.00 46670.00
2003/01/10 10:08 7.18 7.18 7.18 7.18 0.00 0.00
2003/01/10 10:09 7.18 7.20 7.18 7.20 82.80 59456.00
2003/01/10 10:10 7.19 7.19 7.19 7.19 20.00 14380.00
2003/01/10 10:11 7.20 7.20 7.20 7.20 35.20 25344.00
2003/01/10 10:12 7.19 7.19 7.19 7.19 10.00 7190.00
2003/01/10 10:13 7.20 7.20 7.20 7.20 111.32 80150.38
2003/01/10 10:14 7.21 7.21 7.21 7.21 26.00 18746.00
2003/01/10 10:15 7.21 7.22 7.21 7.22 22.30 16092.63
2003/01/10 10:16 7.22 7.23 7.22 7.23 53.00 38309.00
2003/01/10 10:17 7.22 7.22 7.22 7.22 40.70 29385.38
2003/01/10 10:18 7.21 7.21 7.21 7.21 37.00 26677.00
2003/01/10 10:19 7.20 7.20 7.20 7.20 52.68 37929.63
2003/01/10 10:20 7.19 7.19 7.19 7.19 41.00 29479.00
2003/01/10 10:21 7.19 7.19 7.19 7.19 10.00 7190.00
2003/01/10 10:22 7.18 7.18 7.18 7.18 4.40 3159.25
2003/01/10 10:23 7.18 7.18 7.18 7.18 0.00 0.00
2003/01/10 10:24 7.18 7.18 7.18 7.18 0.00 0.00
2003/01/10 10:25 7.19 7.19 7.17 7.18 78.60 56404.75
2003/01/10 10:26 7.17 7.17 7.17 7.17 7.40 5305.75
2003/01/10 10:27 7.17 7.17 7.16 7.16 8.00 5731.00
2003/01/10 10:28 7.16 7.16 7.16 7.16 0.00 0.00
2003/01/10 10:29 7.16 7.16 7.16 7.16 25.40 18186.38
2003/01/10 10:30 7.16 7.16 7.16 7.16 5.00 3580.00
2003/01/10 10:31 7.16 7.16 7.16 7.16 55.60 39809.63
2003/01/10 10:32 7.16 7.17 7.15 7.17 66.40 47498.00
2003/01/10 10:33 7.17 7.17 7.17 7.17 0.00 0.00
2003/01/10 10:34 7.17 7.17 7.16 7.16 29.00 20767.00
2003/01/10 10:35 7.15 7.15 7.15 7.15 19.00 13585.00
2003/01/10 10:36 7.16 7.16 7.15 7.16 142.30 101846.38
2003/01/10 10:37 7.15 7.15 7.15 7.15 10.70 7651.25
2003/01/10 10:38 7.13 7.13 7.13 7.13 75.00 53475.00
2003/01/10 10:39 7.13 7.13 7.12 7.12 38.00 27059.00
2003/01/10 10:40 7.11 7.11 7.10 7.10 131.00 93055.00
2003/01/10 10:41 7.11 7.12 7.11 7.12 95.00 67565.00
2003/01/10 10:42 7.09 7.12 7.09 7.11 68.72 48825.00
2003/01/10 10:43 7.12 7.12 7.12 7.12 25.00 17800.00
2003/01/10 10:44 7.12 7.12 7.12 7.12 28.00 19936.00
2003/01/10 10:45 7.12 7.12 7.12 7.12 89.00 63368.00
2003/01/10 10:46 7.12 7.12 7.12 7.12 73.30 52189.50
2003/01/10 10:47 7.13 7.13 7.12 7.12 16.00 11402.00
2003/01/10 10:48 7.13 7.13 7.13 7.13 2.00 1426.00
2003/01/10 10:49 7.11 7.14 7.11 7.14 92.92 66081.00
2003/01/10 10:50 7.11 7.11 7.11 7.11 5.00 3555.00
2003/01/10 10:51 7.14 7.14 7.14 7.14 15.00 10710.00
2003/01/10 10:52 7.13 7.13 7.13 7.13 43.00 30659.00
2003/01/10 10:53 7.12 7.12 7.12 7.12 9.00 6408.00
2003/01/10 10:54 7.12 7.12 7.11 7.11 6.00 4267.00
2003/01/10 10:55 7.11 7.11 7.11 7.11 0.00 0.00
2003/01/10 10:56 7.12 7.12 7.12 7.12 18.00 12816.00
2003/01/10 10:57 7.12 7.12 7.12 7.12 2.00 1424.00
2003/01/10 10:58 7.12 7.12 7.12 7.12 3.00 2136.00
2003/01/10 10:59 7.12 7.12 7.12 7.12 0.00 0.00
2003/01/10 11:00 7.11 7.11 7.11 7.11 20.00 14220.00
2003/01/10 11:01 7.11 7.11 7.11 7.11 0.00 0.00
2003/01/10 11:02 7.13 7.13 7.13 7.13 5.00 3565.00
2003/01/10 11:03 7.13 7.13 7.13 7.13 0.00 0.00
2003/01/10 11:04 7.13 7.13 7.13 7.13 19.00 13547.00
2003/01/10 11:05 7.13 7.13 7.13 7.13 11.00 7843.00
2003/01/10 11:06 7.13 7.13 7.13 7.13 5.41 3857.25
2003/01/10 11:07 7.12 7.12 7.12 7.12 88.59 63076.00
2003/01/10 11:08 7.11 7.11 7.11 7.11 82.06 58344.75
2003/01/10 11:09 7.10 7.10 7.10 7.10 102.00 72420.00
2003/01/10 11:10 7.09 7.09 7.09 7.09 11.00 7799.00
2003/01/10 11:11 7.09 7.11 7.09 7.11 25.12 17834.25
2003/01/10 11:12 7.11 7.11 7.11 7.11 0.00 0.00
2003/01/10 11:13 7.11 7.11 7.11 7.11 0.00 0.00
2003/01/10 11:14 7.12 7.12 7.12 7.12 10.00 7120.00
2003/01/10 11:15 7.11 7.12 7.11 7.12 70.00 49780.00
2003/01/10 11:16 7.12 7.12 7.12 7.12 0.00 0.00
2003/01/10 11:17 7.11 7.11 7.11 7.11 4.88 3469.75
2003/01/10 11:18 7.11 7.11 7.11 7.11 0.00 0.00
2003/01/10 11:19 7.11 7.11 7.11 7.11 5.00 3555.00
2003/01/10 11:20 7.10 7.11 7.10 7.11 55.00 39101.00
2003/01/10 11:21 7.11 7.11 7.11 7.11 10.00 7110.00
2003/01/10 11:22 7.11 7.11 7.11 7.11 3.00 2133.00
2003/01/10 11:23 7.10 7.11 7.10 7.11 13.00 9240.00
2003/01/10 11:24 7.11 7.11 7.11 7.11 5.00 3555.00
2003/01/10 11:25 7.11 7.12 7.11 7.12 11.00 7831.00
2003/01/10 11:26 7.12 7.12 7.12 7.12 19.00 13528.00
2003/01/10 11:27 7.12 7.12 7.11 7.12 26.00 18505.00
2003/01/10 11:28 7.12 7.12 7.12 7.12 22.00 15664.00
2003/01/10 11:29 7.12 7.12 7.12 7.12 38.41 27348.00
2003/01/10 11:30 7.12 7.12 7.12 7.12 20.00 14240.00
2003/01/10 11:31 7.13 7.13 7.13 7.13 50.00 35650.00
2003/01/10 13:02 7.13 7.13 7.13 7.13 0.00 0.00
2003/01/10 13:03 7.13 7.13 7.13 7.13 0.00 0.00
2003/01/10 13:04 7.13 7.13 7.13 7.13 35.00 24955.00
2003/01/10 13:05 7.13 7.15 7.13 7.15 14.40 10287.25
2003/01/10 13:06 7.15 7.15 7.15 7.15 0.00 0.00
2003/01/10 13:07 7.12 7.12 7.12 7.12 34.40 24492.75
2003/01/10 13:08 7.14 7.15 7.13 7.15 95.00 67880.00
2003/01/10 13:09 7.16 7.16 7.16 7.16 10.00 7160.00
2003/01/10 13:10 7.16 7.16 7.16 7.16 0.00 0.00
2003/01/10 13:11 7.16 7.16 7.16 7.16 0.00 0.00
2003/01/10 13:12 7.16 7.16 7.16 7.16 0.00 0.00
2003/01/10 13:13 7.15 7.15 7.15 7.15 25.00 17875.00
2003/01/10 13:14 7.15 7.15 7.15 7.15 0.00 0.00
2003/01/10 13:15 7.15 7.16 7.15 7.16 15.00 10735.00
2003/01/10 13:16 7.16 7.16 7.16 7.16 14.00 10024.00
2003/01/10 13:17 7.16 7.16 7.16 7.16 1.40 1002.50
2003/01/10 13:18 7.16 7.16 7.16 7.16 6.60 4725.50
2003/01/10 13:19 7.18 7.18 7.18 7.18 50.00 35900.00
2003/01/10 13:20 7.18 7.18 7.18 7.18 59.60 42792.75
2003/01/10 13:21 7.20 7.20 7.19 7.19 120.00 86370.00
2003/01/10 13:22 7.19 7.20 7.19 7.20 386.00 277891.00
2003/01/10 13:23 7.18 7.20 7.18 7.20 10.40 7472.00
2003/01/10 13:24 7.21 7.21 7.21 7.21 3.00 2163.00
2003/01/10 13:25 7.21 7.21 7.20 7.20 54.00 38905.00
2003/01/10 13:26 7.20 7.20 7.20 7.20 10.00 7200.00
2003/01/10 13:27 7.18 7.19 7.18 7.19 30.30 21765.50
2003/01/10 13:28 7.19 7.20 7.19 7.20 77.28 55621.50
2003/01/10 13:29 7.20 7.20 7.20 7.20 26.72 19238.25
2003/01/10 13:30 7.21 7.21 7.19 7.19 50.00 36038.00
2003/01/10 13:31 7.21 7.21 7.19 7.19 139.72 100566.00
2003/01/10 13:32 7.22 7.22 7.20 7.20 165.00 119109.75
2003/01/10 13:33 7.22 7.22 7.20 7.20 23.00 16566.00
2003/01/10 13:34 7.22 7.22 7.22 7.22 69.00 49818.00
2003/01/10 13:35 7.20 7.20 7.20 7.20 33.00 23760.00
2003/01/10 13:36 7.20 7.20 7.20 7.20 51.00 36720.00
2003/01/10 13:37 7.20 7.20 7.20 7.20 67.20 48384.00
2003/01/10 13:38 7.21 7.22 7.20 7.20 25.00 18035.00
2003/01/10 13:39 7.20 7.21 7.20 7.21 40.80 29396.00
2003/01/10 13:40 7.19 7.19 7.18 7.18 76.28 54774.00
2003/01/10 13:41 7.18 7.18 7.18 7.18 5.00 3590.00
2003/01/10 13:42 7.18 7.18 7.18 7.18 0.00 0.00
2003/01/10 13:43 7.17 7.17 7.16 7.16 37.00 26499.00
2003/01/10 13:44 7.16 7.16 7.16 7.16 6.00 4296.00
2003/01/10 13:45 7.15 7.15 7.15 7.15 18.00 12870.00
2003/01/10 13:46 7.16 7.16 7.16 7.16 10.00 7160.00
2003/01/10 13:47 7.16 7.16 7.16 7.16 0.00 0.00
2003/01/10 13:48 7.16 7.16 7.16 7.16 0.00 0.00
2003/01/10 13:49 7.16 7.16 7.16 7.16 32.20 23055.00
2003/01/10 13:50 7.16 7.16 7.16 7.16 0.00 0.00
2003/01/10 13:51 7.17 7.17 7.17 7.17 8.00 5736.00
2003/01/10 13:52 7.18 7.18 7.18 7.18 24.52 17604.50
2003/01/10 13:53 7.18 7.18 7.18 7.18 15.00 10770.00
2003/01/10 13:54 7.18 7.18 7.18 7.18 22.80 16370.50
2003/01/10 13:55 7.18 7.18 7.18 7.18 7.00 5026.00
2003/01/10 13:56 7.18 7.18 7.18 7.18 5.00 3590.00
2003/01/10 13:57 7.18 7.18 7.18 7.18 60.73 43604.00
2003/01/10 13:58 7.18 7.19 7.18 7.19 38.75 27853.50
2003/01/10 13:59 7.19 7.19 7.19 7.19 0.00 0.00
2003/01/10 14:00 7.19 7.19 7.19 7.19 0.00 0.00
2003/01/10 14:01 7.21 7.21 7.21 7.21 200.00 144200.00
2003/01/10 14:02 7.20 7.20 7.20 7.20 4.00 2880.00
2003/01/10 14:03 7.20 7.20 7.20 7.20 3.00 2160.00
2003/01/10 14:04 7.20 7.20 7.20 7.20 7.00 5040.00
2003/01/10 14:05 7.18 7.18 7.18 7.18 4.32 3102.00
2003/01/10 14:06 7.18 7.18 7.18 7.18 16.00 11488.00
2003/01/10 14:07 7.19 7.19 7.19 7.19 3.00 2157.00
2003/01/10 14:08 7.18 7.18 7.18 7.18 10.00 7180.00
2003/01/10 14:09 7.18 7.20 7.18 7.20 31.00 22318.00
2003/01/10 14:10 7.20 7.20 7.20 7.20 0.00 0.00
2003/01/10 14:11 7.20 7.20 7.20 7.20 57.92 41702.50
2003/01/10 14:12 7.20 7.21 7.20 7.21 95.00 68465.00
2003/01/10 14:13 7.21 7.21 7.21 7.21 7.65 5515.50
2003/01/10 14:14 7.22 7.23 7.22 7.23 134.68 97249.00
2003/01/10 14:15 7.23 7.23 7.23 7.23 38.00 27474.00
2003/01/10 14:16 7.23 7.23 7.23 7.23 66.72 48238.50
2003/01/10 14:17 7.23 7.24 7.23 7.24 15.00 10855.00
2003/01/10 14:18 7.24 7.24 7.23 7.24 519.00 375250.00
2003/01/10 14:19 7.25 7.25 7.25 7.25 409.12 296612.00
2003/01/10 14:20 7.25 7.26 7.25 7.25 174.84 126894.00
2003/01/10 14:21 7.25 7.26 7.25 7.25 157.16 113946.00
2003/01/10 14:22 7.25 7.25 7.25 7.25 15.00 10875.00
2003/01/10 14:23 7.24 7.25 7.24 7.25 48.00 34779.00
2003/01/10 14:24 7.23 7.24 7.23 7.23 80.00 57880.00
2003/01/10 14:25 7.23 7.23 7.23 7.23 90.00 65070.00
2003/01/10 14:26 7.23 7.23 7.23 7.23 71.28 51535.50
2003/01/10 14:27 7.23 7.23 7.22 7.22 132.00 95418.00
2003/01/10 14:28 7.22 7.23 7.22 7.23 16.00 11555.00
2003/01/10 14:29 7.23 7.23 7.23 7.23 23.00 16629.00
2003/01/10 14:30 7.22 7.22 7.22 7.22 7.40 5343.00
2003/01/10 14:31 7.22 7.23 7.22 7.23 58.40 42186.00
2003/01/10 14:32 7.23 7.23 7.23 7.23 39.72 28717.50
2003/01/10 14:33 7.24 7.24 7.23 7.23 49.28 35649.50
2003/01/10 14:34 7.22 7.22 7.22 7.22 72.49 52338.00
2003/01/10 14:35 7.23 7.23 7.21 7.22 95.71 69101.50
2003/01/10 14:36 7.21 7.21 7.20 7.20 37.00 26654.00
2003/01/10 14:37 7.20 7.20 7.19 7.19 48.00 34555.00
2003/01/10 14:38 7.19 7.19 7.18 7.18 17.00 12213.00
2003/01/10 14:39 7.18 7.18 7.17 7.18 50.88 36506.00
2003/01/10 14:40 7.16 7.17 7.16 7.17 63.00 45159.00
2003/01/10 14:41 7.15 7.16 7.15 7.16 15.00 10730.00
2003/01/10 14:42 7.15 7.15 7.15 7.15 18.00 12870.00
2003/01/10 14:43 7.15 7.15 7.13 7.13 80.00 57080.00
2003/01/10 14:44 7.15 7.15 7.15 7.15 5.00 3575.00
2003/01/10 14:45 7.15 7.15 7.15 7.15 55.00 39325.00
2003/01/10 14:46 7.16 7.16 7.16 7.16 65.00 46540.00
2003/01/10 14:47 7.15 7.16 7.15 7.16 19.00 13595.00
2003/01/10 14:48 7.16 7.16 7.15 7.16 88.96 63641.50
2003/01/10 14:49 7.14 7.15 7.14 7.15 96.00 68548.00
2003/01/10 14:50 7.15 7.15 7.15 7.15 55.04 39353.50
2003/01/10 14:51 7.15 7.15 7.13 7.13 21.00 14983.00
2003/01/10 14:52 7.13 7.13 7.13 7.13 60.00 42780.00
2003/01/10 14:53 7.12 7.12 7.12 7.12 14.00 9968.00
2003/01/10 14:54 7.12 7.12 7.11 7.11 35.00 24911.00
2003/01/10 14:55 7.10 7.10 7.10 7.10 150.00 106500.00
2003/01/10 14:56 7.11 7.11 7.10 7.10 66.79 47439.00
2003/01/10 14:57 7.10 7.10 7.09 7.10 61.00 43278.00
2003/01/10 14:58 7.11 7.11 7.09 7.10 155.20 110177.00
2003/01/10 14:59 7.08 7.08 7.07 7.07 37.80 26753.50
2003/01/10 15:00 7.08 7.08 7.06 7.07 72.00 51624.00
