2003/01/16 09:31 7.44 7.48 7.44 7.48 33.50 25034.00
2003/01/16 09:32 7.48 7.48 7.48 7.48 0.00 0.00
2003/01/16 09:33 7.48 7.48 7.48 7.48 7.00 5236.00
2003/01/16 09:34 7.48 7.48 7.48 7.48 11.00 8228.00
2003/01/16 09:35 7.48 7.48 7.48 7.48 0.00 0.00
2003/01/16 09:36 7.48 7.48 7.48 7.48 4.00 2992.00
2003/01/16 09:37 7.48 7.48 7.48 7.48 14.00 10472.00
2003/01/16 09:38 7.50 7.50 7.50 7.50 10.00 7500.00
2003/01/16 09:39 7.51 7.52 7.51 7.52 6.00 4511.00
2003/01/16 09:40 7.52 7.52 7.50 7.50 34.00 25520.00
2003/01/16 09:41 7.52 7.52 7.51 7.51 47.00 35342.00
2003/01/16 09:42 7.53 7.53 7.53 7.53 21.00 15813.00
2003/01/16 09:43 7.53 7.54 7.53 7.54 20.00 15070.00
2003/01/16 09:44 7.51 7.51 7.51 7.51 20.00 15020.00
2003/01/16 09:45 7.51 7.53 7.51 7.51 49.00 36879.00
2003/01/16 09:46 7.51 7.51 7.51 7.51 0.00 0.00
2003/01/16 09:47 7.51 7.52 7.50 7.50 38.00 28538.00
2003/01/16 09:48 7.52 7.52 7.52 7.52 8.00 6016.00
2003/01/16 09:49 7.50 7.50 7.50 7.50 97.00 72750.00
2003/01/16 09:50 7.51 7.51 7.49 7.49 38.67 29003.84
2003/01/16 09:51 7.52 7.52 7.48 7.48 15.00 11240.00
2003/01/16 09:52 7.48 7.48 7.48 7.48 12.00 8976.00
2003/01/16 09:53 7.48 7.48 7.48 7.48 0.00 0.00
2003/01/16 09:54 7.48 7.48 7.48 7.48 0.00 0.00
2003/01/16 09:55 7.48 7.48 7.48 7.48 0.00 0.00
2003/01/16 09:56 7.48 7.48 7.48 7.48 0.00 0.00
2003/01/16 09:57 7.50 7.50 7.50 7.50 50.00 37500.00
2003/01/16 09:58 7.51 7.52 7.50 7.52 65.00 48853.00
2003/01/16 09:59 7.52 7.52 7.52 7.52 20.00 15040.00
2003/01/16 10:00 7.53 7.53 7.52 7.52 87.00 65438.97
2003/01/16 10:01 7.50 7.50 7.50 7.50 23.00 17250.00
2003/01/16 10:02 7.49 7.50 7.49 7.50 35.00 26238.00
2003/01/16 10:03 7.50 7.50 7.50 7.50 1.00 750.00
2003/01/16 10:04 7.50 7.50 7.49 7.50 37.00 27732.00
2003/01/16 10:05 7.50 7.50 7.50 7.50 0.00 0.00
2003/01/16 10:06 7.50 7.50 7.50 7.50 10.08 7560.00
2003/01/16 10:07 7.50 7.50 7.50 7.50 1.60 1200.00
2003/01/16 10:08 7.51 7.51 7.51 7.51 5.00 3755.00
2003/01/16 10:09 7.50 7.50 7.50 7.50 33.32 24990.00
2003/01/16 10:10 7.49 7.49 7.49 7.49 1.00 749.00
2003/01/16 10:11 7.49 7.49 7.49 7.49 0.00 0.00
2003/01/16 10:12 7.49 7.50 7.49 7.49 43.00 32217.00
2003/01/16 10:13 7.49 7.49 7.49 7.49 9.00 6741.00
2003/01/16 10:14 7.49 7.49 7.49 7.49 63.00 47187.00
2003/01/16 10:15 7.49 7.49 7.48 7.48 52.76 39494.50
2003/01/16 10:16 7.48 7.48 7.48 7.48 1.44 1077.13
2003/01/16 10:17 7.48 7.48 7.48 7.48 0.00 0.00
2003/01/16 10:18 7.48 7.48 7.48 7.48 5.00 3740.00
2003/01/16 10:19 7.48 7.48 7.48 7.48 10.00 7480.00
2003/01/16 10:20 7.48 7.48 7.45 7.45 78.13 58283.00
2003/01/16 10:21 7.46 7.46 7.46 7.46 1.87 1395.00
2003/01/16 10:22 7.49 7.49 7.49 7.49 2.00 1498.00
2003/01/16 10:23 7.49 7.49 7.49 7.49 46.00 34454.00
2003/01/16 10:24 7.49 7.49 7.49 7.49 103.00 77147.00
2003/01/16 10:25 7.46 7.46 7.46 7.46 9.00 6714.00
2003/01/16 10:26 7.48 7.48 7.45 7.45 74.13 55346.88
2003/01/16 10:27 7.44 7.44 7.44 7.44 42.36 31515.81
2003/01/16 10:28 7.45 7.45 7.44 7.44 44.14 32879.25
2003/01/16 10:29 7.44 7.44 7.44 7.44 30.00 22320.00
2003/01/16 10:30 7.42 7.42 7.42 7.42 61.00 45262.00
2003/01/16 10:31 7.42 7.42 7.42 7.42 66.00 48972.00
2003/01/16 10:32 7.42 7.43 7.42 7.43 71.00 52748.00
2003/01/16 10:33 7.44 7.44 7.44 7.44 20.00 14880.00
2003/01/16 10:34 7.44 7.44 7.44 7.44 9.20 6844.75
2003/01/16 10:35 7.44 7.44 7.44 7.44 0.00 0.00
2003/01/16 10:36 7.44 7.47 7.44 7.47 38.00 28299.00
2003/01/16 10:37 7.47 7.47 7.47 7.47 12.20 9113.38
2003/01/16 10:38 7.48 7.48 7.48 7.48 8.00 5984.00
2003/01/16 10:39 7.48 7.48 7.48 7.48 70.00 52360.00
2003/01/16 10:40 7.48 7.48 7.48 7.48 6.80 5086.38
2003/01/16 10:41 7.48 7.48 7.48 7.48 0.00 0.00
2003/01/16 10:42 7.45 7.45 7.45 7.45 10.00 7450.00
2003/01/16 10:43 7.45 7.45 7.45 7.45 25.00 18625.00
2003/01/16 10:44 7.45 7.45 7.43 7.43 168.80 125508.38
2003/01/16 10:45 7.43 7.43 7.43 7.43 6.20 4606.63
2003/01/16 10:46 7.44 7.44 7.44 7.44 43.80 32587.13
2003/01/16 10:47 7.44 7.44 7.44 7.44 14.84 11041.00
2003/01/16 10:48 7.44 7.44 7.42 7.42 55.00 40812.00
2003/01/16 10:49 7.44 7.44 7.44 7.44 11.00 8184.00
2003/01/16 10:50 7.44 7.46 7.44 7.46 34.00 25356.00
2003/01/16 10:51 7.46 7.46 7.46 7.46 16.00 11936.00
2003/01/16 10:52 7.46 7.46 7.46 7.46 36.20 27005.25
2003/01/16 10:53 7.46 7.46 7.46 7.46 0.00 0.00
2003/01/16 10:54 7.48 7.48 7.48 7.48 5.00 3740.00
2003/01/16 10:55 7.48 7.48 7.47 7.48 37.00 27666.00
2003/01/16 10:56 7.48 7.48 7.48 7.48 32.00 23936.00
2003/01/16 10:57 7.47 7.48 7.47 7.48 15.00 11210.00
2003/01/16 10:58 7.47 7.47 7.47 7.47 27.00 20169.00
2003/01/16 10:59 7.48 7.48 7.48 7.48 214.12 160161.75
2003/01/16 11:00 7.48 7.49 7.48 7.49 30.00 22450.00
2003/01/16 11:01 7.49 7.49 7.49 7.49 0.00 0.00
2003/01/16 11:02 7.48 7.49 7.47 7.47 88.88 66477.38
2003/01/16 11:03 7.47 7.47 7.47 7.47 0.00 0.00
2003/01/16 11:04 7.46 7.46 7.46 7.46 2.88 2148.50
2003/01/16 11:05 7.46 7.46 7.46 7.46 20.73 15464.63
2003/01/16 11:06 7.46 7.46 7.46 7.46 0.00 0.00
2003/01/16 11:07 7.47 7.48 7.47 7.48 15.12 11304.63
2003/01/16 11:08 7.48 7.48 7.48 7.48 0.00 0.00
2003/01/16 11:09 7.48 7.48 7.48 7.48 55.00 41140.00
2003/01/16 11:10 7.48 7.48 7.48 7.48 59.00 44132.13
2003/01/16 11:11 7.48 7.48 7.48 7.48 10.00 7480.00
2003/01/16 11:12 7.48 7.48 7.48 7.48 0.00 0.00
2003/01/16 11:13 7.48 7.48 7.48 7.48 115.00 86020.00
2003/01/16 11:14 7.49 7.50 7.49 7.50 73.00 54697.00
2003/01/16 11:15 7.50 7.53 7.50 7.53 213.92 160771.75
2003/01/16 11:16 7.50 7.50 7.50 7.50 25.00 18750.00
2003/01/16 11:17 7.54 7.54 7.54 7.54 231.00 174174.00
2003/01/16 11:18 7.53 7.54 7.53 7.54 24.00 18091.00
2003/01/16 11:19 7.54 7.54 7.54 7.54 0.00 0.00
2003/01/16 11:20 7.50 7.50 7.50 7.50 20.00 15000.00
2003/01/16 11:21 7.52 7.52 7.51 7.51 22.00 16534.00
2003/01/16 11:22 7.51 7.51 7.50 7.50 23.00 17255.00
2003/01/16 11:23 7.50 7.50 7.50 7.50 87.95 65962.50
2003/01/16 11:24 7.50 7.50 7.50 7.50 8.13 6097.50
2003/01/16 11:25 7.49 7.49 7.49 7.49 4.00 2996.00
2003/01/16 11:26 7.49 7.49 7.49 7.49 20.00 14980.00
2003/01/16 11:27 7.50 7.50 7.50 7.50 10.00 7500.00
2003/01/16 11:28 7.50 7.50 7.50 7.50 10.00 7500.00
2003/01/16 11:29 7.50 7.50 7.49 7.49 44.83 33599.75
2003/01/16 11:30 7.49 7.50 7.49 7.49 23.17 17364.25
2003/01/16 11:31 7.48 7.50 7.48 7.50 173.14 129828.00
2003/01/16 13:02 7.52 7.52 7.52 7.52 24.00 18048.00
2003/01/16 13:03 7.53 7.53 7.52 7.52 52.00 39109.00
2003/01/16 13:04 7.53 7.54 7.53 7.54 21.00 15824.00
2003/01/16 13:05 7.54 7.54 7.54 7.54 15.00 11310.00
2003/01/16 13:06 7.54 7.54 7.52 7.52 103.18 77631.25
2003/01/16 13:07 7.52 7.52 7.52 7.52 59.82 44984.75
2003/01/16 13:08 7.52 7.52 7.50 7.51 36.40 27324.00
2003/01/16 13:09 7.51 7.51 7.51 7.51 5.00 3755.00
2003/01/16 13:10 7.51 7.51 7.51 7.51 45.80 34395.75
2003/01/16 13:11 7.51 7.51 7.51 7.51 59.20 44459.25
2003/01/16 13:12 7.51 7.51 7.50 7.51 49.80 37375.00
2003/01/16 13:13 7.52 7.52 7.51 7.51 57.37 43098.75
2003/01/16 13:14 7.50 7.52 7.50 7.52 55.00 41290.00
2003/01/16 13:15 7.51 7.51 7.51 7.51 18.00 13518.00
2003/01/16 13:16 7.51 7.51 7.51 7.51 74.00 55574.00
2003/01/16 13:17 7.51 7.51 7.51 7.51 45.36 34065.25
2003/01/16 13:18 7.51 7.51 7.51 7.51 7.20 5407.25
2003/01/16 13:19 7.51 7.52 7.51 7.52 25.79 19386.00
2003/01/16 13:20 7.52 7.53 7.51 7.51 91.41 68753.25
2003/01/16 13:21 7.51 7.52 7.51 7.51 47.24 35482.25
2003/01/16 13:22 7.51 7.51 7.50 7.50 12.00 9005.00
2003/01/16 13:23 7.50 7.50 7.49 7.49 114.00 85470.00
2003/01/16 13:24 7.50 7.50 7.49 7.49 13.00 9747.00
2003/01/16 13:25 7.49 7.49 7.49 7.49 9.00 6741.00
2003/01/16 13:26 7.49 7.50 7.49 7.50 55.80 41839.25
2003/01/16 13:27 7.50 7.50 7.50 7.50 10.00 7500.00
2003/01/16 13:28 7.50 7.50 7.50 7.50 9.00 6750.00
2003/01/16 13:29 7.51 7.51 7.51 7.51 15.00 11265.00
2003/01/16 13:30 7.50 7.51 7.50 7.51 36.00 27029.00
2003/01/16 13:31 7.51 7.51 7.51 7.51 7.00 5257.00
2003/01/16 13:32 7.50 7.50 7.49 7.49 26.00 19490.00
2003/01/16 13:33 7.49 7.50 7.49 7.49 42.64 31956.25
2003/01/16 13:34 7.49 7.49 7.49 7.49 14.00 10486.00
2003/01/16 13:35 7.49 7.49 7.49 7.49 80.85 60556.75
2003/01/16 13:36 7.49 7.49 7.49 7.49 5.00 3745.00
2003/01/16 13:37 7.49 7.49 7.49 7.49 0.00 0.00
2003/01/16 13:38 7.49 7.49 7.48 7.48 19.00 14217.00
2003/01/16 13:39 7.49 7.49 7.49 7.49 10.00 7490.00
2003/01/16 13:40 7.48 7.48 7.48 7.48 196.00 146608.00
2003/01/16 13:41 7.49 7.49 7.49 7.49 157.00 117593.00
2003/01/16 13:42 7.49 7.49 7.49 7.49 10.00 7490.00
2003/01/16 13:43 7.50 7.50 7.50 7.50 47.53 35647.00
2003/01/16 13:44 7.50 7.50 7.50 7.50 47.00 35250.00
2003/01/16 13:45 7.50 7.51 7.50 7.51 21.00 15766.00
2003/01/16 13:46 7.52 7.52 7.52 7.52 162.76 122395.50
2003/01/16 13:47 7.53 7.53 7.53 7.53 47.00 35391.00
2003/01/16 13:48 7.53 7.53 7.53 7.53 25.00 18825.00
2003/01/16 13:49 7.53 7.53 7.52 7.52 20.00 15045.00
2003/01/16 13:50 7.53 7.53 7.52 7.53 171.18 128810.50
2003/01/16 13:51 7.53 7.53 7.53 7.53 88.06 66309.00
2003/01/16 13:52 7.53 7.53 7.53 7.53 62.00 46686.00
2003/01/16 13:53 7.53 7.53 7.53 7.53 190.00 143070.00
2003/01/16 13:54 7.53 7.53 7.51 7.51 66.00 49626.00
2003/01/16 13:55 7.53 7.53 7.53 7.53 50.00 37650.00
2003/01/16 13:56 7.53 7.53 7.53 7.53 0.00 0.00
2003/01/16 13:57 7.53 7.53 7.53 7.53 10.00 7530.00
2003/01/16 13:58 7.53 7.53 7.53 7.53 5.00 3765.00
2003/01/16 13:59 7.52 7.52 7.52 7.52 30.00 22560.00
2003/01/16 14:00 7.51 7.52 7.51 7.52 8.00 6009.00
2003/01/16 14:01 7.52 7.52 7.52 7.52 30.00 22560.00
2003/01/16 14:02 7.52 7.52 7.52 7.52 0.00 0.00
2003/01/16 14:03 7.51 7.51 7.51 7.51 13.00 9763.00
2003/01/16 14:04 7.51 7.51 7.50 7.50 100.00 75010.00
2003/01/16 14:05 7.50 7.50 7.50 7.50 21.00 15750.00
2003/01/16 14:06 7.50 7.50 7.49 7.49 26.00 19480.00
2003/01/16 14:07 7.49 7.49 7.49 7.49 12.00 8988.00
2003/01/16 14:08 7.50 7.50 7.50 7.50 20.00 15000.00
2003/01/16 14:09 7.49 7.50 7.49 7.50 22.40 16797.50
2003/01/16 14:10 7.50 7.50 7.49 7.49 36.07 27034.50
2003/01/16 14:11 7.49 7.49 7.49 7.49 15.00 11235.00
2003/01/16 14:12 7.50 7.50 7.50 7.50 28.00 21000.00
2003/01/16 14:13 7.49 7.50 7.49 7.50 104.00 77996.00
2003/01/16 14:14 7.50 7.50 7.50 7.50 32.00 24000.00
2003/01/16 14:15 7.50 7.50 7.50 7.50 25.57 19177.50
2003/01/16 14:16 7.51 7.51 7.51 7.51 27.00 20277.00
2003/01/16 14:17 7.52 7.52 7.52 7.52 114.60 86179.00
2003/01/16 14:18 7.52 7.52 7.50 7.52 33.40 25089.00
2003/01/16 14:19 7.50 7.50 7.50 7.50 77.43 58072.50
2003/01/16 14:20 7.49 7.50 7.49 7.49 40.00 29965.00
2003/01/16 14:21 7.48 7.49 7.48 7.49 57.00 42640.00
2003/01/16 14:22 7.48 7.48 7.48 7.48 52.60 39345.00
2003/01/16 14:23 7.47 7.47 7.47 7.47 60.00 44820.00
2003/01/16 14:24 7.48 7.48 7.48 7.48 45.00 33660.00
2003/01/16 14:25 7.48 7.48 7.47 7.48 77.00 57584.00
2003/01/16 14:26 7.48 7.48 7.48 7.48 0.00 0.00
2003/01/16 14:27 7.48 7.48 7.48 7.48 38.00 28424.00
2003/01/16 14:28 7.48 7.48 7.48 7.48 10.00 7480.00
2003/01/16 14:29 7.48 7.49 7.48 7.49 48.00 35908.00
2003/01/16 14:30 7.49 7.50 7.49 7.50 70.97 53211.00
2003/01/16 14:31 7.52 7.52 7.52 7.52 36.00 27072.00
2003/01/16 14:32 7.50 7.52 7.50 7.52 55.43 41663.50
2003/01/16 14:33 7.52 7.52 7.52 7.52 0.00 0.00
2003/01/16 14:34 7.52 7.52 7.52 7.52 0.00 0.00
2003/01/16 14:35 7.51 7.52 7.51 7.52 68.30 51351.50
2003/01/16 14:36 7.52 7.52 7.52 7.52 43.33 32584.00
2003/01/16 14:37 7.53 7.53 7.53 7.53 38.00 28614.00
2003/01/16 14:38 7.52 7.52 7.52 7.52 145.16 109160.00
2003/01/16 14:39 7.53 7.53 7.53 7.53 118.79 89449.00
2003/01/16 14:40 7.53 7.53 7.53 7.53 47.00 35391.00
2003/01/16 14:41 7.54 7.55 7.54 7.54 393.20 296521.00
2003/01/16 14:42 7.55 7.56 7.55 7.56 58.68 44342.00
2003/01/16 14:43 7.56 7.56 7.56 7.56 175.40 132602.50
2003/01/16 14:44 7.58 7.58 7.56 7.56 102.20 77412.50
2003/01/16 14:45 7.57 7.58 7.56 7.56 298.80 226079.00
2003/01/16 14:46 7.55 7.56 7.55 7.56 56.00 42312.00
2003/01/16 14:47 7.55 7.56 7.55 7.55 74.92 56575.50
2003/01/16 14:48 7.55 7.55 7.54 7.54 94.60 71344.50
2003/01/16 14:49 7.54 7.54 7.54 7.54 188.40 142053.50
2003/01/16 14:50 7.54 7.55 7.53 7.55 223.88 168960.50
2003/01/16 14:51 7.55 7.55 7.55 7.55 20.00 15100.00
2003/01/16 14:52 7.55 7.55 7.55 7.55 134.00 101170.00
2003/01/16 14:53 7.56 7.56 7.56 7.56 106.49 80506.50
2003/01/16 14:54 7.55 7.58 7.55 7.58 145.00 109752.00
2003/01/16 14:55 7.56 7.58 7.56 7.58 467.00 353848.00
2003/01/16 14:56 7.58 7.58 7.58 7.58 199.57 151274.50
2003/01/16 14:57 7.58 7.60 7.58 7.60 519.69 394704.00
2003/01/16 14:58 7.60 7.61 7.60 7.61 226.68 172458.00
2003/01/16 14:59 7.61 7.65 7.61 7.62 157.11 119922.00
2003/01/16 15:00 7.62 7.65 7.62 7.64 374.25 284817.00
