2003/01/20 09:31 7.50 7.50 7.48 7.48 67.16 50284.00
2003/01/20 09:32 7.48 7.48 7.48 7.48 23.84 17832.32
2003/01/20 09:33 7.41 7.48 7.41 7.48 105.00 77839.99
2003/01/20 09:34 7.42 7.42 7.42 7.42 5.00 3710.00
2003/01/20 09:35 7.42 7.42 7.42 7.42 12.00 8904.00
2003/01/20 09:36 7.47 7.47 7.43 7.43 96.68 71841.23
2003/01/20 09:37 7.43 7.43 7.43 7.43 44.00 32691.98
2003/01/20 09:38 7.47 7.47 7.47 7.47 10.00 7470.00
2003/01/20 09:39 7.47 7.47 7.47 7.47 0.00 0.00
2003/01/20 09:40 7.47 7.47 7.47 7.47 0.00 0.00
2003/01/20 09:41 7.47 7.48 7.47 7.48 28.00 20921.00
2003/01/20 09:42 7.47 7.47 7.47 7.47 5.00 3735.00
2003/01/20 09:43 7.47 7.47 7.47 7.47 0.00 0.00
2003/01/20 09:44 7.47 7.47 7.47 7.47 18.20 13595.41
2003/01/20 09:45 7.48 7.48 7.48 7.48 3.00 2244.00
2003/01/20 09:46 7.48 7.48 7.47 7.47 12.00 8968.00
2003/01/20 09:47 7.47 7.47 7.47 7.47 37.00 27639.00
2003/01/20 09:48 7.47 7.47 7.47 7.47 110.36 82438.91
2003/01/20 09:49 7.45 7.45 7.45 7.45 45.84 34150.81
2003/01/20 09:50 7.45 7.45 7.45 7.45 13.04 9714.81
2003/01/20 09:51 7.45 7.45 7.45 7.45 41.00 30545.00
2003/01/20 09:52 7.45 7.45 7.45 7.45 135.56 100992.22
2003/01/20 09:53 7.45 7.45 7.43 7.43 40.00 29750.00
2003/01/20 09:54 7.45 7.45 7.43 7.43 128.00 95124.00
2003/01/20 09:55 7.42 7.42 7.42 7.42 94.00 69748.00
2003/01/20 09:56 7.43 7.43 7.42 7.43 88.00 65372.00
2003/01/20 09:57 7.42 7.42 7.42 7.42 38.00 28196.00
2003/01/20 09:58 7.42 7.43 7.42 7.43 100.00 74290.00
2003/01/20 09:59 7.43 7.43 7.43 7.43 0.00 0.00
2003/01/20 10:00 7.43 7.43 7.43 7.43 48.00 35664.00
2003/01/20 10:01 7.43 7.43 7.43 7.43 0.00 0.00
2003/01/20 10:02 7.43 7.43 7.43 7.43 0.00 0.00
2003/01/20 10:03 7.43 7.43 7.43 7.43 43.43 32268.50
2003/01/20 10:04 7.45 7.45 7.45 7.45 4.00 2980.00
2003/01/20 10:05 7.43 7.45 7.43 7.45 70.00 52049.94
2003/01/20 10:06 7.45 7.45 7.45 7.45 38.00 28310.00
2003/01/20 10:07 7.43 7.43 7.43 7.43 46.57 34601.50
2003/01/20 10:08 7.43 7.43 7.43 7.43 10.00 7430.00
2003/01/20 10:09 7.43 7.43 7.42 7.42 37.59 27899.38
2003/01/20 10:10 7.43 7.43 7.43 7.43 10.00 7430.00
2003/01/20 10:11 7.44 7.44 7.42 7.42 82.00 60872.00
2003/01/20 10:12 7.42 7.42 7.42 7.42 87.73 65095.63
2003/01/20 10:13 7.42 7.42 7.41 7.41 98.00 72636.00
2003/01/20 10:14 7.42 7.42 7.42 7.42 61.00 45262.00
2003/01/20 10:15 7.41 7.41 7.41 7.41 10.00 7410.00
2003/01/20 10:16 7.41 7.41 7.41 7.41 42.00 31122.00
2003/01/20 10:17 7.41 7.41 7.41 7.41 30.00 22230.00
2003/01/20 10:18 7.41 7.42 7.41 7.42 23.60 17507.63
2003/01/20 10:19 7.42 7.42 7.42 7.42 0.00 0.00
2003/01/20 10:20 7.42 7.42 7.41 7.42 60.00 44490.00
2003/01/20 10:21 7.42 7.42 7.41 7.42 49.47 36690.75
2003/01/20 10:22 7.42 7.42 7.42 7.42 37.00 27454.00
2003/01/20 10:23 7.42 7.42 7.42 7.42 10.00 7420.00
2003/01/20 10:24 7.42 7.42 7.42 7.42 26.32 19529.50
2003/01/20 10:25 7.42 7.42 7.42 7.42 32.00 23744.00
2003/01/20 10:26 7.43 7.43 7.42 7.42 15.00 11140.00
2003/01/20 10:27 7.42 7.43 7.41 7.41 43.00 31896.00
2003/01/20 10:28 7.43 7.43 7.43 7.43 5.00 3715.00
2003/01/20 10:29 7.42 7.42 7.42 7.42 23.00 17066.00
2003/01/20 10:30 7.42 7.42 7.42 7.42 20.00 14840.00
2003/01/20 10:31 7.42 7.42 7.42 7.42 13.00 9646.00
2003/01/20 10:32 7.41 7.42 7.41 7.41 130.00 96332.00
2003/01/20 10:33 7.42 7.42 7.42 7.42 9.00 6678.00
2003/01/20 10:34 7.42 7.44 7.42 7.44 22.20 16512.38
2003/01/20 10:35 7.42 7.44 7.42 7.44 28.00 20828.00
2003/01/20 10:36 7.42 7.44 7.42 7.43 83.64 62159.50
2003/01/20 10:37 7.44 7.45 7.44 7.45 14.96 11135.25
2003/01/20 10:38 7.45 7.45 7.45 7.45 30.00 22350.00
2003/01/20 10:39 7.45 7.47 7.45 7.47 69.04 51551.75
2003/01/20 10:40 7.45 7.46 7.45 7.46 16.00 11930.00
2003/01/20 10:41 7.46 7.46 7.46 7.46 5.00 3730.00
2003/01/20 10:42 7.45 7.45 7.45 7.45 20.76 15466.25
2003/01/20 10:43 7.45 7.45 7.45 7.45 17.00 12664.88
2003/01/20 10:44 7.45 7.45 7.45 7.45 5.00 3725.00
2003/01/20 10:45 7.45 7.45 7.44 7.44 52.24 38881.50
2003/01/20 10:46 7.44 7.44 7.43 7.43 30.00 22300.00
2003/01/20 10:47 7.43 7.43 7.43 7.43 10.43 7749.50
2003/01/20 10:48 7.44 7.44 7.44 7.44 3.40 2529.50
2003/01/20 10:49 7.44 7.44 7.44 7.44 11.76 8749.50
2003/01/20 10:50 7.44 7.44 7.44 7.44 0.00 0.00
2003/01/20 10:51 7.45 7.45 7.44 7.45 95.00 70750.00
2003/01/20 10:52 7.44 7.44 7.44 7.44 21.24 15802.50
2003/01/20 10:53 7.44 7.44 7.44 7.44 20.00 14880.00
2003/01/20 10:54 7.43 7.43 7.43 7.43 7.60 5646.75
2003/01/20 10:55 7.44 7.44 7.44 7.44 2.00 1488.00
2003/01/20 10:56 7.43 7.44 7.43 7.44 20.00 14863.00
2003/01/20 10:57 7.44 7.44 7.43 7.43 12.00 8921.00
2003/01/20 10:58 7.43 7.43 7.43 7.43 10.00 7430.00
2003/01/20 10:59 7.44 7.44 7.44 7.44 27.36 20355.75
2003/01/20 11:00 7.44 7.44 7.44 7.44 20.64 15356.25
2003/01/20 11:01 7.44 7.44 7.44 7.44 0.00 0.00
2003/01/20 11:02 7.44 7.44 7.44 7.44 0.00 0.00
2003/01/20 11:03 7.44 7.44 7.44 7.44 0.00 0.00
2003/01/20 11:04 7.44 7.44 7.44 7.44 7.00 5208.00
2003/01/20 11:05 7.44 7.44 7.44 7.44 0.00 0.00
2003/01/20 11:06 7.44 7.44 7.44 7.44 20.00 14880.00
2003/01/20 11:07 7.44 7.44 7.44 7.44 63.00 46872.00
2003/01/20 11:08 7.44 7.44 7.44 7.44 33.36 24819.75
2003/01/20 11:09 7.45 7.45 7.45 7.45 37.00 27565.00
2003/01/20 11:10 7.45 7.45 7.45 7.45 38.44 28637.75
2003/01/20 11:11 7.46 7.46 7.46 7.46 15.00 11190.00
2003/01/20 11:12 7.46 7.46 7.46 7.46 56.20 41925.25
2003/01/20 11:13 7.46 7.46 7.46 7.46 28.80 21484.75
2003/01/20 11:14 7.46 7.46 7.46 7.46 3.20 2387.25
2003/01/20 11:15 7.46 7.46 7.46 7.46 0.00 0.00
2003/01/20 11:16 7.46 7.47 7.46 7.46 38.88 29021.25
2003/01/20 11:17 7.48 7.48 7.48 7.48 33.00 24684.00
2003/01/20 11:18 7.48 7.48 7.48 7.48 10.00 7480.00
2003/01/20 11:19 7.48 7.48 7.48 7.48 16.00 11968.00
2003/01/20 11:20 7.48 7.48 7.48 7.48 10.00 7480.00
2003/01/20 11:21 7.48 7.48 7.48 7.48 0.00 0.00
2003/01/20 11:22 7.48 7.48 7.48 7.48 0.00 0.00
2003/01/20 11:23 7.47 7.47 7.47 7.47 5.00 3735.00
2003/01/20 11:24 7.46 7.46 7.46 7.46 30.00 22380.00
2003/01/20 11:25 7.46 7.46 7.46 7.46 0.00 0.00
2003/01/20 11:26 7.46 7.46 7.46 7.46 0.00 0.00
2003/01/20 11:27 7.47 7.47 7.46 7.46 86.00 64230.00
2003/01/20 11:28 7.47 7.47 7.47 7.47 6.00 4482.00
2003/01/20 11:29 7.46 7.47 7.46 7.47 10.32 7706.75
2003/01/20 11:30 7.47 7.47 7.47 7.47 10.00 7470.00
2003/01/20 11:31 7.48 7.48 7.48 7.48 19.00 14212.00
2003/01/20 13:02 7.49 7.49 7.48 7.48 36.00 26935.00
2003/01/20 13:03 7.49 7.49 7.49 7.49 8.00 5992.00
2003/01/20 13:04 7.49 7.49 7.49 7.49 2.00 1498.00
2003/01/20 13:05 7.49 7.49 7.49 7.49 19.00 14231.00
2003/01/20 13:06 7.48 7.48 7.48 7.48 55.00 41140.00
2003/01/20 13:07 7.48 7.48 7.48 7.48 0.00 0.00
2003/01/20 13:08 7.46 7.46 7.46 7.46 18.00 13428.00
2003/01/20 13:09 7.46 7.46 7.46 7.46 13.60 10145.50
2003/01/20 13:10 7.46 7.46 7.45 7.45 85.00 63400.00
2003/01/20 13:11 7.45 7.45 7.45 7.45 0.00 0.00
2003/01/20 13:12 7.45 7.45 7.45 7.45 10.00 7450.00
2003/01/20 13:13 7.45 7.46 7.45 7.46 23.00 17152.00
2003/01/20 13:14 7.46 7.46 7.46 7.46 0.00 0.00
2003/01/20 13:15 7.46 7.46 7.46 7.46 0.00 0.00
2003/01/20 13:16 7.46 7.46 7.46 7.46 9.00 6714.00
2003/01/20 13:17 7.46 7.46 7.46 7.46 17.00 12682.00
2003/01/20 13:18 7.47 7.47 7.47 7.47 4.00 2988.00
2003/01/20 13:19 7.46 7.46 7.46 7.46 24.00 17904.00
2003/01/20 13:20 7.46 7.46 7.46 7.46 5.00 3730.00
2003/01/20 13:21 7.46 7.46 7.45 7.45 56.79 42314.50
2003/01/20 13:22 7.45 7.45 7.45 7.45 0.00 0.00
2003/01/20 13:23 7.45 7.45 7.44 7.44 23.77 17688.75
2003/01/20 13:24 7.44 7.44 7.44 7.44 64.64 48092.25
2003/01/20 13:25 7.43 7.43 7.43 7.43 6.00 4458.00
2003/01/20 13:26 7.44 7.44 7.44 7.44 4.00 2976.00
2003/01/20 13:27 7.43 7.43 7.43 7.43 24.00 17832.00
2003/01/20 13:28 7.44 7.44 7.43 7.43 19.00 14127.00
2003/01/20 13:29 7.43 7.43 7.43 7.43 10.00 7430.00
2003/01/20 13:30 7.43 7.43 7.43 7.43 0.00 0.00
2003/01/20 13:31 7.43 7.43 7.43 7.43 0.00 0.00
2003/01/20 13:32 7.44 7.44 7.44 7.44 6.00 4464.00
2003/01/20 13:33 7.44 7.44 7.44 7.44 2.00 1488.00
2003/01/20 13:34 7.44 7.44 7.44 7.44 22.00 16368.00
2003/01/20 13:35 7.43 7.43 7.43 7.43 6.00 4458.00
2003/01/20 13:36 7.43 7.44 7.43 7.44 32.00 23782.00
2003/01/20 13:37 7.44 7.44 7.44 7.44 14.56 10832.75
2003/01/20 13:38 7.44 7.44 7.44 7.44 30.00 22320.00
2003/01/20 13:39 7.43 7.45 7.43 7.45 63.00 46909.00
2003/01/20 13:40 7.45 7.45 7.45 7.45 12.23 9111.25
2003/01/20 13:41 7.45 7.45 7.45 7.45 3.00 2235.00
2003/01/20 13:42 7.45 7.45 7.45 7.45 0.00 0.00
2003/01/20 13:43 7.45 7.45 7.45 7.45 10.00 7450.00
2003/01/20 13:44 7.46 7.46 7.46 7.46 10.00 7460.00
2003/01/20 13:45 7.46 7.46 7.46 7.46 5.00 3730.00
2003/01/20 13:46 7.45 7.47 7.45 7.45 37.00 27595.75
2003/01/20 13:47 7.46 7.46 7.46 7.46 40.00 29840.00
2003/01/20 13:48 7.46 7.46 7.46 7.46 0.00 0.00
2003/01/20 13:49 7.46 7.46 7.46 7.46 0.00 0.00
2003/01/20 13:50 7.46 7.46 7.46 7.46 5.00 3730.00
2003/01/20 13:51 7.46 7.46 7.46 7.46 34.60 25811.50
2003/01/20 13:52 7.46 7.46 7.46 7.46 4.00 2984.00
2003/01/20 13:53 7.46 7.46 7.46 7.46 32.40 24170.50
2003/01/20 13:54 7.46 7.46 7.46 7.46 7.60 5669.50
2003/01/20 13:55 7.47 7.47 7.47 7.47 36.00 26892.00
2003/01/20 13:56 7.47 7.47 7.46 7.46 8.00 5970.00
2003/01/20 13:57 7.47 7.47 7.46 7.46 62.00 46254.00
2003/01/20 13:58 7.47 7.47 7.47 7.47 11.00 8217.00
2003/01/20 13:59 7.47 7.48 7.47 7.48 14.92 11151.25
2003/01/20 14:00 7.50 7.50 7.48 7.48 40.00 29980.00
2003/01/20 14:01 7.48 7.48 7.48 7.48 0.00 0.00
2003/01/20 14:02 7.48 7.48 7.48 7.48 0.00 0.00
2003/01/20 14:03 7.48 7.48 7.48 7.48 57.60 43084.75
2003/01/20 14:04 7.48 7.48 7.48 7.48 3.00 2244.00
2003/01/20 14:05 7.50 7.50 7.50 7.50 10.00 7500.00
2003/01/20 14:06 7.48 7.48 7.48 7.48 4.00 2992.00
2003/01/20 14:07 7.48 7.50 7.48 7.50 60.00 44900.00
2003/01/20 14:08 7.50 7.50 7.50 7.50 5.00 3750.00
2003/01/20 14:09 7.50 7.50 7.50 7.50 15.00 11250.00
2003/01/20 14:10 7.48 7.48 7.48 7.48 5.00 3740.00
2003/01/20 14:11 7.49 7.49 7.49 7.49 4.00 2996.00
2003/01/20 14:12 7.50 7.50 7.50 7.50 26.00 19500.00
2003/01/20 14:13 7.50 7.50 7.50 7.50 0.00 0.00
2003/01/20 14:14 7.50 7.50 7.50 7.50 58.00 43500.00
2003/01/20 14:15 7.50 7.50 7.50 7.50 17.80 13350.00
2003/01/20 14:16 7.50 7.50 7.50 7.50 12.00 9000.00
2003/01/20 14:17 7.51 7.51 7.51 7.51 60.00 45060.00
2003/01/20 14:18 7.50 7.51 7.50 7.51 48.00 36008.00
2003/01/20 14:19 7.52 7.52 7.50 7.50 80.60 60512.00
2003/01/20 14:20 7.52 7.52 7.52 7.52 2.00 1504.00
2003/01/20 14:21 7.52 7.52 7.52 7.52 5.00 3760.00
2003/01/20 14:22 7.51 7.51 7.51 7.51 9.00 6759.00
2003/01/20 14:23 7.51 7.51 7.51 7.51 2.00 1502.00
2003/01/20 14:24 7.55 7.55 7.55 7.55 345.80 261079.25
2003/01/20 14:25 7.55 7.55 7.51 7.51 7.20 5424.00
2003/01/20 14:26 7.53 7.55 7.53 7.55 15.00 11315.00
2003/01/20 14:27 7.55 7.55 7.55 7.55 0.00 0.00
2003/01/20 14:28 7.55 7.55 7.55 7.55 47.00 35485.00
2003/01/20 14:29 7.53 7.53 7.53 7.53 6.00 4518.00
2003/01/20 14:30 7.54 7.54 7.52 7.52 59.00 44462.00
2003/01/20 14:31 7.55 7.55 7.55 7.55 38.12 28780.50
2003/01/20 14:32 7.55 7.55 7.55 7.55 20.00 15100.00
2003/01/20 14:33 7.55 7.55 7.55 7.55 29.88 22559.50
2003/01/20 14:34 7.55 7.55 7.55 7.55 3.00 2265.00
2003/01/20 14:35 7.55 7.55 7.55 7.55 0.00 0.00
2003/01/20 14:36 7.54 7.54 7.54 7.54 42.40 31969.50
2003/01/20 14:37 7.54 7.54 7.54 7.54 25.00 18850.00
2003/01/20 14:38 7.54 7.54 7.54 7.54 4.00 3016.00
2003/01/20 14:39 7.54 7.54 7.54 7.54 79.00 59566.00
2003/01/20 14:40 7.54 7.54 7.52 7.52 14.00 10548.00
2003/01/20 14:41 7.53 7.53 7.53 7.53 3.00 2259.00
2003/01/20 14:42 7.53 7.54 7.53 7.54 37.00 27881.00
2003/01/20 14:43 7.54 7.54 7.54 7.54 0.00 0.00
2003/01/20 14:44 7.54 7.54 7.53 7.53 30.00 22610.00
2003/01/20 14:45 7.53 7.53 7.53 7.53 21.00 15813.00
2003/01/20 14:46 7.53 7.53 7.53 7.53 11.00 8283.00
2003/01/20 14:47 7.52 7.52 7.52 7.52 87.80 66025.50
2003/01/20 14:48 7.52 7.52 7.52 7.52 19.00 14288.00
2003/01/20 14:49 7.54 7.54 7.54 7.54 30.00 22620.00
2003/01/20 14:50 7.52 7.52 7.52 7.52 10.00 7520.00
2003/01/20 14:51 7.52 7.52 7.52 7.52 7.00 5264.00
2003/01/20 14:52 7.52 7.53 7.52 7.52 23.00 17301.00
2003/01/20 14:53 7.52 7.52 7.52 7.52 0.00 0.00
2003/01/20 14:54 7.53 7.53 7.53 7.53 5.00 3765.00
2003/01/20 14:55 7.52 7.53 7.52 7.53 16.00 12037.00
2003/01/20 14:56 7.52 7.52 7.52 7.52 10.08 7580.00
2003/01/20 14:57 7.52 7.52 7.50 7.52 94.00 70550.00
2003/01/20 14:58 7.52 7.53 7.52 7.53 24.00 18065.00
2003/01/20 14:59 7.52 7.52 7.52 7.52 5.00 3760.00
2003/01/20 15:00 7.52 7.53 7.52 7.53 67.00 51030.00
