2003/01/21 09:31 7.52 7.53 7.52 7.52 108.60 81733.20
2003/01/21 09:32 7.52 7.52 7.52 7.52 0.00 0.00
2003/01/21 09:33 7.52 7.52 7.52 7.52 0.00 0.00
2003/01/21 09:34 7.54 7.56 7.54 7.56 34.00 25642.00
2003/01/21 09:35 7.56 7.56 7.54 7.54 86.00 64966.00
2003/01/21 09:36 7.54 7.54 7.53 7.53 48.00 36152.00
2003/01/21 09:37 7.54 7.54 7.53 7.54 89.00 67096.98
2003/01/21 09:38 7.53 7.53 7.53 7.53 3.00 2259.00
2003/01/21 09:39 7.52 7.52 7.52 7.52 74.40 55948.81
2003/01/21 09:40 7.52 7.52 7.52 7.52 0.00 0.00
2003/01/21 09:41 7.55 7.55 7.55 7.55 5.04 3805.19
2003/01/21 09:42 7.55 7.55 7.55 7.55 13.00 9815.00
2003/01/21 09:43 7.56 7.56 7.56 7.56 40.00 30240.00
2003/01/21 09:44 7.55 7.55 7.55 7.55 2.00 1510.00
2003/01/21 09:45 7.56 7.56 7.56 7.56 44.80 33868.81
2003/01/21 09:46 7.57 7.58 7.57 7.58 95.40 72285.19
2003/01/21 09:47 7.59 7.59 7.59 7.59 95.12 72196.06
2003/01/21 09:48 7.61 7.61 7.59 7.59 287.88 218796.94
2003/01/21 09:49 7.59 7.60 7.59 7.60 118.12 89736.19
2003/01/21 09:50 7.63 7.64 7.63 7.63 122.00 93121.00
2003/01/21 09:51 7.63 7.63 7.60 7.63 59.75 45574.25
2003/01/21 09:52 7.60 7.63 7.60 7.63 43.00 32689.00
2003/01/21 09:53 7.60 7.63 7.60 7.62 69.00 52484.00
2003/01/21 09:54 7.62 7.63 7.61 7.63 86.00 65556.00
2003/01/21 09:55 7.61 7.62 7.60 7.60 120.00 91296.00
2003/01/21 09:56 7.62 7.62 7.60 7.60 19.00 14460.00
2003/01/21 09:57 7.63 7.63 7.60 7.60 74.00 56360.00
2003/01/21 09:58 7.63 7.63 7.63 7.63 55.00 41965.00
2003/01/21 09:59 7.61 7.63 7.61 7.63 51.00 38891.00
2003/01/21 10:00 7.61 7.63 7.61 7.63 53.00 40429.00
2003/01/21 10:01 7.63 7.63 7.63 7.63 50.00 38150.00
2003/01/21 10:02 7.62 7.63 7.62 7.63 32.00 24405.00
2003/01/21 10:03 7.63 7.64 7.63 7.64 80.00 61070.38
2003/01/21 10:04 7.65 7.65 7.64 7.64 215.00 164460.00
2003/01/21 10:05 7.64 7.65 7.64 7.65 78.00 59597.00
2003/01/21 10:06 7.65 7.66 7.65 7.66 143.63 110005.00
2003/01/21 10:07 7.66 7.67 7.66 7.67 163.32 125195.50
2003/01/21 10:08 7.69 7.69 7.66 7.66 395.00 303605.00
2003/01/21 10:09 7.69 7.69 7.67 7.68 203.00 155746.00
2003/01/21 10:10 7.66 7.68 7.66 7.67 92.64 71061.00
2003/01/21 10:11 7.68 7.68 7.66 7.67 60.00 46016.00
2003/01/21 10:12 7.66 7.66 7.66 7.66 21.00 16086.00
2003/01/21 10:13 7.65 7.66 7.65 7.66 59.04 45214.75
2003/01/21 10:14 7.66 7.66 7.66 7.66 15.00 11490.00
2003/01/21 10:15 7.65 7.65 7.63 7.63 35.00 26711.00
2003/01/21 10:16 7.62 7.66 7.62 7.66 76.00 58008.00
2003/01/21 10:17 7.66 7.66 7.65 7.65 13.00 9955.00
2003/01/21 10:18 7.65 7.65 7.65 7.65 19.00 14535.00
2003/01/21 10:19 7.65 7.65 7.65 7.65 0.00 0.00
2003/01/21 10:20 7.64 7.64 7.64 7.64 5.00 3820.00
2003/01/21 10:21 7.65 7.65 7.64 7.64 22.00 16818.00
2003/01/21 10:22 7.64 7.64 7.64 7.64 41.00 31324.00
2003/01/21 10:23 7.64 7.64 7.63 7.63 11.00 8394.00
2003/01/21 10:24 7.65 7.65 7.63 7.63 115.00 87885.00
2003/01/21 10:25 7.62 7.62 7.62 7.62 64.00 48768.00
2003/01/21 10:26 7.61 7.67 7.61 7.67 665.00 507865.00
2003/01/21 10:27 7.60 7.61 7.60 7.60 217.25 165200.00
2003/01/21 10:28 7.60 7.60 7.60 7.60 28.00 21280.00
2003/01/21 10:29 7.68 7.68 7.60 7.60 400.00 306800.00
2003/01/21 10:30 7.59 7.60 7.59 7.60 26.92 20453.00
2003/01/21 10:31 7.60 7.60 7.60 7.60 50.20 38152.00
2003/01/21 10:32 7.60 7.60 7.60 7.60 45.80 34808.00
2003/01/21 10:33 7.63 7.63 7.63 7.63 64.20 48984.50
2003/01/21 10:34 7.67 7.67 7.67 7.67 270.40 207396.75
2003/01/21 10:35 7.67 7.68 7.67 7.68 163.60 125595.00
2003/01/21 10:36 7.65 7.65 7.65 7.65 20.00 15300.00
2003/01/21 10:37 7.65 7.66 7.65 7.66 58.00 44411.00
2003/01/21 10:38 7.66 7.66 7.66 7.66 0.00 0.00
2003/01/21 10:39 7.65 7.66 7.64 7.64 232.00 177450.00
2003/01/21 10:40 7.64 7.64 7.64 7.64 119.00 90916.00
2003/01/21 10:41 7.65 7.67 7.65 7.65 288.00 220846.00
2003/01/21 10:42 7.65 7.68 7.65 7.67 374.00 287008.00
2003/01/21 10:43 7.64 7.66 7.64 7.66 55.00 42047.00
2003/01/21 10:44 7.65 7.65 7.65 7.65 148.00 113220.00
2003/01/21 10:45 7.64 7.64 7.64 7.64 277.00 211628.00
2003/01/21 10:46 7.64 7.64 7.62 7.62 128.80 98289.50
2003/01/21 10:47 7.60 7.60 7.59 7.59 515.00 391189.00
2003/01/21 10:48 7.59 7.60 7.50 7.60 825.08 623801.50
2003/01/21 10:49 7.50 7.51 7.50 7.51 250.00 187670.00
2003/01/21 10:50 7.51 7.55 7.51 7.55 16.00 12060.00
2003/01/21 10:51 7.55 7.55 7.55 7.55 20.00 15100.00
2003/01/21 10:52 7.55 7.60 7.55 7.60 216.00 163945.00
2003/01/21 10:53 7.55 7.61 7.55 7.61 12.00 9102.00
2003/01/21 10:54 7.60 7.60 7.60 7.60 125.00 95000.00
2003/01/21 10:55 7.61 7.61 7.61 7.61 191.23 145526.00
2003/01/21 10:56 7.61 7.61 7.61 7.61 20.00 15220.00
2003/01/21 10:57 7.62 7.63 7.62 7.63 123.80 94447.50
2003/01/21 10:58 7.63 7.63 7.63 7.63 15.20 11597.50
2003/01/21 10:59 7.63 7.63 7.61 7.61 115.00 87698.00
2003/01/21 11:00 7.61 7.61 7.60 7.60 88.00 66892.00
2003/01/21 11:01 7.60 7.60 7.60 7.60 15.00 11400.00
2003/01/21 11:02 7.60 7.61 7.60 7.60 19.00 14445.00
2003/01/21 11:03 7.60 7.60 7.60 7.60 20.00 15200.00
2003/01/21 11:04 7.59 7.63 7.59 7.63 159.00 121281.00
2003/01/21 11:05 7.60 7.60 7.59 7.59 15.00 11392.00
2003/01/21 11:06 7.63 7.63 7.63 7.63 81.00 61803.00
2003/01/21 11:07 7.60 7.63 7.60 7.63 48.60 37049.00
2003/01/21 11:08 7.63 7.64 7.63 7.63 17.00 12977.00
2003/01/21 11:09 7.64 7.64 7.64 7.64 1.00 764.00
2003/01/21 11:10 7.64 7.65 7.63 7.65 537.58 411061.50
2003/01/21 11:11 7.65 7.66 7.65 7.66 22.00 16847.00
2003/01/21 11:12 7.66 7.66 7.66 7.66 123.00 94218.00
2003/01/21 11:13 7.66 7.68 7.66 7.67 310.20 237911.00
2003/01/21 11:14 7.67 7.68 7.67 7.67 232.60 178519.00
2003/01/21 11:15 7.67 7.67 7.67 7.67 277.20 212612.00
2003/01/21 11:16 7.68 7.68 7.67 7.67 71.00 54472.00
2003/01/21 11:17 7.67 7.67 7.65 7.65 58.00 44470.00
2003/01/21 11:18 7.65 7.65 7.65 7.65 106.00 81090.00
2003/01/21 11:19 7.65 7.65 7.64 7.64 46.00 35180.00
2003/01/21 11:20 7.64 7.64 7.64 7.64 192.00 146688.00
2003/01/21 11:21 7.64 7.64 7.63 7.63 52.40 39991.00
2003/01/21 11:22 7.62 7.62 7.61 7.61 10.00 7616.00
2003/01/21 11:23 7.61 7.61 7.60 7.60 11.00 8366.00
2003/01/21 11:24 7.58 7.58 7.58 7.58 10.00 7580.00
2003/01/21 11:25 7.58 7.58 7.58 7.58 13.00 9854.00
2003/01/21 11:26 7.57 7.57 7.57 7.57 45.00 34065.00
2003/01/21 11:27 7.58 7.58 7.58 7.58 142.00 107636.00
2003/01/21 11:28 7.58 7.58 7.58 7.58 194.46 147401.00
2003/01/21 11:29 7.60 7.60 7.59 7.59 22.00 16710.00
2003/01/21 11:30 7.60 7.60 7.60 7.60 60.00 45600.00
2003/01/21 11:31 7.61 7.61 7.59 7.59 156.86 119077.00
2003/01/21 13:02 7.60 7.60 7.60 7.60 17.00 12920.00
2003/01/21 13:03 7.58 7.58 7.58 7.58 41.68 31593.00
2003/01/21 13:04 7.57 7.57 7.57 7.57 10.00 7570.00
2003/01/21 13:05 7.57 7.57 7.57 7.57 7.00 5299.00
2003/01/21 13:06 7.57 7.58 7.57 7.58 82.12 62244.00
2003/01/21 13:07 7.58 7.58 7.58 7.58 90.88 68887.00
2003/01/21 13:08 7.58 7.58 7.58 7.58 40.12 30411.00
2003/01/21 13:09 7.58 7.60 7.58 7.60 192.20 146036.00
2003/01/21 13:10 7.60 7.60 7.59 7.59 40.80 31003.00
2003/01/21 13:11 7.59 7.59 7.59 7.59 0.00 0.00
2003/01/21 13:12 7.58 7.59 7.58 7.59 20.00 15170.00
2003/01/21 13:13 7.58 7.60 7.58 7.60 39.20 29754.00
2003/01/21 13:14 7.60 7.60 7.60 7.60 3.00 2280.00
2003/01/21 13:15 7.60 7.60 7.60 7.60 30.00 22800.00
2003/01/21 13:16 7.60 7.61 7.60 7.61 150.00 114140.00
2003/01/21 13:17 7.60 7.60 7.60 7.60 32.00 24320.00
2003/01/21 13:18 7.60 7.60 7.60 7.60 40.00 30400.00
2003/01/21 13:19 7.60 7.61 7.59 7.59 154.00 117150.00
2003/01/21 13:20 7.60 7.60 7.59 7.59 10.00 7599.00
2003/01/21 13:21 7.60 7.60 7.60 7.60 27.00 20520.00
2003/01/21 13:22 7.58 7.58 7.58 7.58 24.00 18192.00
2003/01/21 13:23 7.59 7.59 7.58 7.58 90.00 68250.00
2003/01/21 13:24 7.58 7.58 7.58 7.58 5.00 3790.00
2003/01/21 13:25 7.58 7.58 7.58 7.58 9.80 7428.00
2003/01/21 13:26 7.59 7.59 7.59 7.59 5.00 3795.00
2003/01/21 13:27 7.58 7.59 7.58 7.59 72.68 55159.00
2003/01/21 13:28 7.59 7.59 7.59 7.59 3.00 2277.00
2003/01/21 13:29 7.59 7.59 7.59 7.59 39.98 30345.00
2003/01/21 13:30 7.59 7.59 7.59 7.59 31.00 23529.00
2003/01/21 13:31 7.59 7.59 7.59 7.59 49.00 37191.00
2003/01/21 13:32 7.59 7.59 7.59 7.59 37.34 28341.00
2003/01/21 13:33 7.59 7.59 7.57 7.57 237.88 180382.00
2003/01/21 13:34 7.57 7.58 7.56 7.58 162.00 122590.00
2003/01/21 13:35 7.56 7.56 7.56 7.56 20.00 15120.00
2003/01/21 13:36 7.55 7.56 7.55 7.56 189.00 142700.00
2003/01/21 13:37 7.55 7.56 7.55 7.56 8.00 6044.00
2003/01/21 13:38 7.55 7.57 7.55 7.57 20.00 15110.00
2003/01/21 13:39 7.56 7.56 7.56 7.56 40.00 30240.00
2003/01/21 13:40 7.56 7.56 7.56 7.56 5.00 3780.00
2003/01/21 13:41 7.56 7.56 7.56 7.56 129.11 97607.00
2003/01/21 13:42 7.55 7.57 7.55 7.57 38.00 28696.00
2003/01/21 13:43 7.56 7.58 7.56 7.58 50.20 38011.00
2003/01/21 13:44 7.58 7.58 7.58 7.58 4.00 3032.00
2003/01/21 13:45 7.58 7.58 7.58 7.58 3.00 2274.00
2003/01/21 13:46 7.58 7.58 7.58 7.58 68.72 52090.00
2003/01/21 13:47 7.58 7.58 7.58 7.58 31.28 23710.00
2003/01/21 13:48 7.56 7.56 7.56 7.56 20.00 15120.00
2003/01/21 13:49 7.56 7.56 7.56 7.56 0.00 0.00
2003/01/21 13:50 7.56 7.56 7.56 7.56 67.80 51257.00
2003/01/21 13:51 7.56 7.56 7.56 7.56 0.00 0.00
2003/01/21 13:52 7.56 7.56 7.56 7.56 107.00 80892.00
2003/01/21 13:53 7.56 7.56 7.56 7.56 95.20 71971.00
2003/01/21 13:54 7.56 7.56 7.56 7.56 0.00 0.00
2003/01/21 13:55 7.58 7.59 7.58 7.58 135.00 102430.00
2003/01/21 13:56 7.59 7.60 7.59 7.60 438.78 333377.00
2003/01/21 13:57 7.60 7.62 7.60 7.62 187.00 142422.00
2003/01/21 13:58 7.62 7.62 7.61 7.62 88.52 67397.00
2003/01/21 13:59 7.63 7.64 7.63 7.64 196.48 149917.00
2003/01/21 14:00 7.63 7.63 7.63 7.63 42.62 32519.00
2003/01/21 14:01 7.64 7.64 7.63 7.63 244.38 186634.00
2003/01/21 14:02 7.63 7.64 7.61 7.61 60.00 45780.00
2003/01/21 14:03 7.61 7.61 7.60 7.60 8.52 6479.00
2003/01/21 14:04 7.60 7.61 7.60 7.61 124.00 94259.00
2003/01/21 14:05 7.60 7.60 7.60 7.60 70.00 53200.00
2003/01/21 14:06 7.60 7.60 7.58 7.58 25.00 18970.00
2003/01/21 14:07 7.60 7.60 7.60 7.60 19.00 14440.00
2003/01/21 14:08 7.57 7.60 7.57 7.60 136.88 103969.00
2003/01/21 14:09 7.57 7.60 7.57 7.60 138.12 104752.00
2003/01/21 14:10 7.60 7.60 7.60 7.60 88.88 67549.00
2003/01/21 14:11 7.60 7.60 7.60 7.60 61.00 46360.00
2003/01/21 14:12 7.61 7.61 7.60 7.60 136.12 103458.00
2003/01/21 14:13 7.60 7.60 7.60 7.60 0.00 0.00
2003/01/21 14:14 7.60 7.60 7.60 7.60 4.00 3040.00
2003/01/21 14:15 7.60 7.60 7.60 7.60 98.88 75149.00
2003/01/21 14:16 7.60 7.60 7.60 7.60 56.00 42560.00
2003/01/21 14:17 7.60 7.60 7.60 7.60 63.00 47880.00
2003/01/21 14:18 7.60 7.60 7.58 7.58 110.12 83645.00
2003/01/21 14:19 7.56 7.58 7.56 7.58 59.00 44622.00
2003/01/21 14:20 7.57 7.57 7.55 7.55 55.00 41543.00
2003/01/21 14:21 7.54 7.55 7.53 7.53 199.92 150916.00
2003/01/21 14:22 7.53 7.54 7.53 7.54 10.00 7535.00
2003/01/21 14:23 7.52 7.54 7.52 7.54 80.00 60220.00
2003/01/21 14:24 7.53 7.53 7.52 7.52 40.00 30090.00
2003/01/21 14:25 7.53 7.55 7.53 7.55 89.95 67819.00
2003/01/21 14:26 7.56 7.56 7.54 7.54 180.00 136020.00
2003/01/21 14:27 7.55 7.56 7.55 7.56 13.00 9825.00
2003/01/21 14:28 7.54 7.56 7.54 7.56 62.00 46774.00
2003/01/21 14:29 7.56 7.56 7.56 7.56 4.00 3024.00
2003/01/21 14:30 7.56 7.58 7.56 7.58 10.00 7566.00
2003/01/21 14:31 7.58 7.58 7.58 7.58 0.00 0.00
2003/01/21 14:32 7.54 7.55 7.54 7.55 79.00 59571.00
2003/01/21 14:33 7.55 7.55 7.55 7.55 2.00 1510.00
2003/01/21 14:34 7.58 7.58 7.58 7.58 250.00 189500.00
2003/01/21 14:35 7.58 7.58 7.58 7.58 3.00 2274.00
2003/01/21 14:36 7.54 7.54 7.54 7.54 18.00 13572.00
2003/01/21 14:37 7.54 7.54 7.53 7.53 84.32 63511.00
2003/01/21 14:38 7.53 7.53 7.53 7.53 91.00 68523.00
2003/01/21 14:39 7.53 7.53 7.53 7.53 15.00 11295.00
2003/01/21 14:40 7.53 7.56 7.53 7.56 393.00 296698.00
2003/01/21 14:41 7.56 7.56 7.56 7.56 52.00 39312.00
2003/01/21 14:42 7.58 7.58 7.56 7.58 51.24 38772.00
2003/01/21 14:43 7.58 7.58 7.56 7.56 79.80 60464.00
2003/01/21 14:44 7.56 7.56 7.56 7.56 3.00 2268.00
2003/01/21 14:45 7.60 7.60 7.56 7.58 257.60 195730.00
2003/01/21 14:46 7.57 7.60 7.57 7.60 65.99 50114.00
2003/01/21 14:47 7.59 7.60 7.59 7.60 149.68 113698.00
2003/01/21 14:48 7.59 7.60 7.57 7.59 77.00 58430.00
2003/01/21 14:49 7.59 7.59 7.58 7.58 54.00 40935.00
2003/01/21 14:50 7.58 7.58 7.58 7.58 24.00 18192.00
2003/01/21 14:51 7.56 7.57 7.56 7.56 46.33 35031.00
2003/01/21 14:52 7.54 7.54 7.54 7.54 10.80 8143.00
2003/01/21 14:53 7.54 7.54 7.54 7.54 122.00 91988.00
2003/01/21 14:54 7.54 7.57 7.54 7.57 72.00 54396.00
2003/01/21 14:55 7.57 7.57 7.54 7.54 103.40 78034.00
2003/01/21 14:56 7.54 7.54 7.54 7.54 80.00 60320.00
2003/01/21 14:57 7.55 7.55 7.54 7.54 35.00 26400.00
2003/01/21 14:58 7.54 7.55 7.54 7.54 62.80 47360.00
2003/01/21 14:59 7.54 7.54 7.53 7.53 159.00 119827.00
2003/01/21 15:00 7.53 7.54 7.53 7.53 248.00 184715.00
