2003/01/22 09:31 7.47 7.47 7.46 7.46 99.00 73879.00
2003/01/22 09:32 7.46 7.46 7.46 7.46 20.00 14920.00
2003/01/22 09:33 7.43 7.46 7.43 7.46 9.00 6702.00
2003/01/22 09:34 7.46 7.46 7.46 7.46 12.60 9399.60
2003/01/22 09:35 7.47 7.47 7.47 7.47 37.40 27937.79
2003/01/22 09:36 7.47 7.47 7.47 7.47 62.00 46314.00
2003/01/22 09:37 7.50 7.50 7.50 7.50 50.00 37500.00
2003/01/22 09:38 7.50 7.50 7.50 7.50 40.00 30000.00
2003/01/22 09:39 7.50 7.51 7.48 7.48 216.00 162194.02
2003/01/22 09:40 7.51 7.51 7.51 7.51 26.00 19526.00
2003/01/22 09:41 7.51 7.51 7.51 7.51 0.00 0.00
2003/01/22 09:42 7.49 7.49 7.49 7.49 22.00 16478.00
2003/01/22 09:43 7.49 7.49 7.49 7.49 5.00 3745.00
2003/01/22 09:44 7.48 7.48 7.47 7.47 24.00 17948.00
2003/01/22 09:45 7.47 7.48 7.46 7.46 121.00 90360.03
2003/01/22 09:46 7.46 7.46 7.45 7.45 152.80 113866.00
2003/01/22 09:47 7.47 7.47 7.47 7.47 3.00 2241.00
2003/01/22 09:48 7.47 7.47 7.46 7.46 53.00 39558.00
2003/01/22 09:49 7.46 7.46 7.46 7.46 10.00 7460.00
2003/01/22 09:50 7.46 7.46 7.46 7.46 0.00 0.00
2003/01/22 09:51 7.46 7.46 7.45 7.45 98.00 73091.00
2003/01/22 09:52 7.46 7.46 7.46 7.46 7.00 5222.00
2003/01/22 09:53 7.45 7.47 7.45 7.47 52.00 38744.00
2003/01/22 09:54 7.46 7.47 7.46 7.47 13.00 9703.00
2003/01/22 09:55 7.49 7.49 7.49 7.49 8.00 5992.00
2003/01/22 09:56 7.49 7.49 7.49 7.49 10.00 7490.00
2003/01/22 09:57 7.50 7.50 7.50 7.50 31.69 23767.50
2003/01/22 09:58 7.51 7.51 7.51 7.51 4.00 3004.00
2003/01/22 09:59 7.52 7.52 7.51 7.52 82.60 62095.19
2003/01/22 10:00 7.52 7.52 7.50 7.50 41.40 31072.81
2003/01/22 10:01 7.50 7.50 7.50 7.50 81.31 60982.50
2003/01/22 10:02 7.50 7.50 7.50 7.50 63.69 47767.56
2003/01/22 10:03 7.50 7.50 7.50 7.50 32.31 24232.50
2003/01/22 10:04 7.50 7.50 7.45 7.45 217.00 161740.00
2003/01/22 10:05 7.49 7.49 7.49 7.49 22.00 16478.00
2003/01/22 10:06 7.45 7.45 7.45 7.45 29.00 21605.00
2003/01/22 10:07 7.45 7.45 7.45 7.45 0.00 0.00
2003/01/22 10:08 7.45 7.45 7.45 7.45 0.00 0.00
2003/01/22 10:09 7.46 7.46 7.46 7.46 66.00 49236.00
2003/01/22 10:10 7.48 7.48 7.48 7.48 50.00 37400.00
2003/01/22 10:11 7.49 7.49 7.47 7.47 12.00 8968.00
2003/01/22 10:12 7.49 7.49 7.49 7.49 20.00 14980.00
2003/01/22 10:13 7.49 7.49 7.49 7.49 20.12 15069.88
2003/01/22 10:14 7.49 7.49 7.47 7.47 11.88 8888.13
2003/01/22 10:15 7.47 7.47 7.47 7.47 20.00 14940.00
2003/01/22 10:16 7.47 7.47 7.47 7.47 96.00 71712.00
2003/01/22 10:17 7.46 7.46 7.46 7.46 64.00 47744.00
2003/01/22 10:18 7.45 7.46 7.45 7.46 12.00 8950.00
2003/01/22 10:19 7.45 7.46 7.45 7.46 37.20 27729.00
2003/01/22 10:20 7.45 7.46 7.45 7.46 26.00 19376.00
2003/01/22 10:21 7.47 7.47 7.45 7.45 104.00 77650.00
2003/01/22 10:22 7.45 7.45 7.45 7.45 20.40 15198.00
2003/01/22 10:23 7.45 7.45 7.45 7.45 57.00 42465.00
2003/01/22 10:24 7.45 7.45 7.45 7.45 10.60 7897.00
2003/01/22 10:25 7.45 7.45 7.45 7.45 52.20 38889.00
2003/01/22 10:26 7.45 7.46 7.45 7.46 63.00 46963.00
2003/01/22 10:27 7.46 7.46 7.46 7.46 0.00 0.00
2003/01/22 10:28 7.45 7.45 7.45 7.45 15.00 11175.00
2003/01/22 10:29 7.46 7.46 7.45 7.45 49.20 36660.00
2003/01/22 10:30 7.45 7.45 7.45 7.45 35.60 26522.00
2003/01/22 10:31 7.43 7.43 7.43 7.43 145.00 107735.00
2003/01/22 10:32 7.43 7.43 7.42 7.43 225.40 167416.25
2003/01/22 10:33 7.42 7.48 7.42 7.48 104.67 78107.25
2003/01/22 10:34 7.48 7.48 7.43 7.43 28.33 21180.75
2003/01/22 10:35 7.43 7.43 7.43 7.43 0.00 0.00
2003/01/22 10:36 7.43 7.43 7.43 7.43 5.00 3715.00
2003/01/22 10:37 7.43 7.43 7.43 7.43 0.00 0.00
2003/01/22 10:38 7.43 7.43 7.43 7.43 42.00 31206.00
2003/01/22 10:39 7.43 7.43 7.42 7.42 137.00 101674.00
2003/01/22 10:40 7.42 7.42 7.42 7.42 0.00 0.00
2003/01/22 10:41 7.45 7.45 7.45 7.45 15.00 11175.00
2003/01/22 10:42 7.43 7.43 7.43 7.43 4.00 2972.00
2003/01/22 10:43 7.42 7.42 7.42 7.42 79.00 58618.00
2003/01/22 10:44 7.43 7.43 7.43 7.43 5.00 3715.00
2003/01/22 10:45 7.43 7.43 7.43 7.43 4.00 2972.00
2003/01/22 10:46 7.43 7.43 7.43 7.43 30.40 22587.25
2003/01/22 10:47 7.44 7.44 7.44 7.44 14.00 10416.00
2003/01/22 10:48 7.44 7.45 7.44 7.45 110.00 81942.00
2003/01/22 10:49 7.45 7.45 7.43 7.43 15.00 11165.00
2003/01/22 10:50 7.43 7.43 7.43 7.43 32.00 23776.00
2003/01/22 10:51 7.43 7.43 7.43 7.43 14.00 10402.00
2003/01/22 10:52 7.43 7.43 7.43 7.43 0.00 0.00
2003/01/22 10:53 7.45 7.45 7.45 7.45 6.00 4470.00
2003/01/22 10:54 7.45 7.45 7.45 7.45 5.00 3725.00
2003/01/22 10:55 7.44 7.44 7.44 7.44 14.00 10416.00
2003/01/22 10:56 7.44 7.44 7.44 7.44 0.00 0.00
2003/01/22 10:57 7.44 7.44 7.44 7.44 0.00 0.00
2003/01/22 10:58 7.45 7.45 7.42 7.42 128.92 95695.50
2003/01/22 10:59 7.42 7.42 7.42 7.42 0.00 0.00
2003/01/22 11:00 7.42 7.42 7.42 7.42 4.00 2968.00
2003/01/22 11:01 7.43 7.43 7.43 7.43 12.00 8916.00
2003/01/22 11:02 7.43 7.44 7.43 7.43 61.00 45328.00
2003/01/22 11:03 7.43 7.43 7.43 7.43 13.60 10104.75
2003/01/22 11:04 7.45 7.45 7.45 7.45 47.01 35022.50
2003/01/22 11:05 7.45 7.45 7.45 7.45 33.07 24637.25
2003/01/22 11:06 7.46 7.46 7.46 7.46 6.00 4476.00
2003/01/22 11:07 7.47 7.47 7.47 7.47 11.41 8523.25
2003/01/22 11:08 7.47 7.47 7.47 7.47 11.00 8217.00
2003/01/22 11:09 7.47 7.48 7.47 7.48 50.67 37888.25
2003/01/22 11:10 7.47 7.47 7.47 7.47 20.00 14940.00
2003/01/22 11:11 7.48 7.48 7.48 7.48 2.00 1496.00
2003/01/22 11:12 7.48 7.48 7.47 7.48 25.00 18696.00
2003/01/22 11:13 7.48 7.48 7.47 7.47 20.33 15202.50
2003/01/22 11:14 7.46 7.46 7.46 7.46 7.59 5662.25
2003/01/22 11:15 7.46 7.46 7.46 7.46 6.00 4476.00
2003/01/22 11:16 7.46 7.46 7.46 7.46 4.00 2984.00
2003/01/22 11:17 7.48 7.48 7.48 7.48 79.50 59466.00
2003/01/22 11:18 7.48 7.48 7.48 7.48 0.00 0.00
2003/01/22 11:19 7.48 7.48 7.48 7.48 0.00 0.00
2003/01/22 11:20 7.48 7.48 7.48 7.48 20.50 15334.00
2003/01/22 11:21 7.47 7.48 7.47 7.48 31.90 23856.25
2003/01/22 11:22 7.48 7.48 7.48 7.48 18.40 13763.25
2003/01/22 11:23 7.48 7.49 7.48 7.49 42.70 31972.50
2003/01/22 11:24 7.49 7.49 7.49 7.49 0.00 0.00
2003/01/22 11:25 7.49 7.49 7.49 7.49 0.00 0.00
2003/01/22 11:26 7.49 7.49 7.49 7.49 0.00 0.00
2003/01/22 11:27 7.49 7.49 7.49 7.49 0.00 0.00
2003/01/22 11:28 7.49 7.49 7.49 7.49 0.00 0.00
2003/01/22 11:29 7.49 7.49 7.49 7.49 8.00 5992.00
2003/01/22 11:30 7.49 7.49 7.49 7.49 0.00 0.00
2003/01/22 11:31 7.47 7.47 7.46 7.46 47.00 35087.00
2003/01/22 13:02 7.47 7.49 7.47 7.49 25.00 18715.00
2003/01/22 13:03 7.49 7.49 7.49 7.49 0.00 0.00
2003/01/22 13:04 7.49 7.49 7.49 7.49 0.00 0.00
2003/01/22 13:05 7.49 7.49 7.49 7.49 5.00 3745.00
2003/01/22 13:06 7.49 7.49 7.49 7.49 0.00 0.00
2003/01/22 13:07 7.49 7.49 7.49 7.49 0.00 0.00
2003/01/22 13:08 7.49 7.49 7.49 7.49 0.00 0.00
2003/01/22 13:09 7.46 7.46 7.46 7.46 31.00 23126.00
2003/01/22 13:10 7.46 7.46 7.46 7.46 0.00 0.00
2003/01/22 13:11 7.46 7.46 7.46 7.46 0.00 0.00
2003/01/22 13:12 7.46 7.46 7.46 7.46 0.00 0.00
2003/01/22 13:13 7.46 7.46 7.46 7.46 39.00 29094.00
2003/01/22 13:14 7.45 7.45 7.45 7.45 22.00 16390.00
2003/01/22 13:15 7.45 7.45 7.45 7.45 0.00 0.00
2003/01/22 13:16 7.46 7.46 7.46 7.46 14.00 10444.00
2003/01/22 13:17 7.45 7.45 7.45 7.45 24.00 17880.00
2003/01/22 13:18 7.45 7.45 7.45 7.45 0.00 0.00
2003/01/22 13:19 7.45 7.45 7.45 7.45 20.00 14900.00
2003/01/22 13:20 7.43 7.43 7.43 7.43 18.00 13374.00
2003/01/22 13:21 7.43 7.43 7.43 7.43 10.00 7430.00
2003/01/22 13:22 7.43 7.43 7.43 7.43 15.00 11145.00
2003/01/22 13:23 7.43 7.43 7.43 7.43 48.39 35953.75
2003/01/22 13:24 7.43 7.43 7.43 7.43 37.54 27892.25
2003/01/22 13:25 7.43 7.47 7.43 7.47 28.46 21169.75
2003/01/22 13:26 7.47 7.47 7.47 7.47 1.00 747.00
2003/01/22 13:27 7.47 7.47 7.47 7.47 8.00 5976.00
2003/01/22 13:28 7.47 7.47 7.47 7.47 0.00 0.00
2003/01/22 13:29 7.44 7.44 7.44 7.44 5.00 3720.00
2003/01/22 13:30 7.43 7.43 7.43 7.43 18.00 13374.00
2003/01/22 13:31 7.43 7.43 7.43 7.43 5.00 3715.00
2003/01/22 13:32 7.43 7.43 7.43 7.43 5.00 3715.00
2003/01/22 13:33 7.43 7.44 7.43 7.44 42.88 31862.75
2003/01/22 13:34 7.46 7.46 7.46 7.46 100.00 74600.00
2003/01/22 13:35 7.46 7.46 7.46 7.46 4.00 2984.00
2003/01/22 13:36 7.46 7.46 7.44 7.44 9.00 6704.00
2003/01/22 13:37 7.44 7.44 7.44 7.44 0.00 0.00
2003/01/22 13:38 7.44 7.44 7.44 7.44 0.00 0.00
2003/01/22 13:39 7.45 7.45 7.45 7.45 28.00 20860.00
2003/01/22 13:40 7.45 7.45 7.45 7.45 0.00 0.00
2003/01/22 13:41 7.44 7.44 7.44 7.44 29.44 21903.25
2003/01/22 13:42 7.44 7.44 7.44 7.44 8.00 5952.00
2003/01/22 13:43 7.44 7.44 7.44 7.44 12.00 8928.00
2003/01/22 13:44 7.44 7.44 7.44 7.44 3.00 2232.00
2003/01/22 13:45 7.45 7.45 7.45 7.45 5.00 3725.00
2003/01/22 13:46 7.45 7.45 7.45 7.45 0.00 0.00
2003/01/22 13:47 7.45 7.45 7.43 7.43 123.68 92084.25
2003/01/22 13:48 7.43 7.43 7.43 7.43 0.00 0.00
2003/01/22 13:49 7.43 7.43 7.43 7.43 3.00 2229.00
2003/01/22 13:50 7.43 7.43 7.43 7.43 24.00 17832.00
2003/01/22 13:51 7.43 7.43 7.43 7.43 9.54 7088.25
2003/01/22 13:52 7.43 7.43 7.43 7.43 0.00 0.00
2003/01/22 13:53 7.42 7.42 7.42 7.42 15.46 11471.25
2003/01/22 13:54 7.42 7.44 7.42 7.44 20.00 14850.00
2003/01/22 13:55 7.44 7.44 7.44 7.44 15.00 11160.00
2003/01/22 13:56 7.43 7.43 7.43 7.43 18.00 13374.00
2003/01/22 13:57 7.44 7.44 7.44 7.44 15.32 11398.00
2003/01/22 13:58 7.46 7.46 7.46 7.46 72.40 54010.50
2003/01/22 13:59 7.45 7.46 7.45 7.46 21.00 15655.00
2003/01/22 14:00 7.47 7.47 7.46 7.47 65.00 48534.00
2003/01/22 14:01 7.47 7.47 7.47 7.47 13.28 9920.25
2003/01/22 14:02 7.47 7.48 7.47 7.48 25.00 18680.00
2003/01/22 14:03 7.48 7.48 7.47 7.48 111.00 83022.00
2003/01/22 14:04 7.48 7.49 7.48 7.49 177.00 132559.00
2003/01/22 14:05 7.49 7.50 7.48 7.48 119.00 89128.00
2003/01/22 14:06 7.49 7.50 7.49 7.49 77.00 57708.00
2003/01/22 14:07 7.50 7.50 7.49 7.50 94.00 70421.00
2003/01/22 14:08 7.49 7.50 7.49 7.50 22.00 16497.00
2003/01/22 14:09 7.48 7.48 7.48 7.48 43.60 32613.00
2003/01/22 14:10 7.50 7.50 7.49 7.49 23.00 17240.00
2003/01/22 14:11 7.50 7.50 7.50 7.50 96.00 72000.00
2003/01/22 14:12 7.50 7.50 7.50 7.50 0.00 0.00
2003/01/22 14:13 7.50 7.50 7.50 7.50 0.00 0.00
2003/01/22 14:14 7.48 7.48 7.48 7.48 40.00 29920.00
2003/01/22 14:15 7.48 7.48 7.48 7.48 0.00 0.00
2003/01/22 14:16 7.48 7.48 7.47 7.47 127.00 94876.00
2003/01/22 14:17 7.47 7.47 7.47 7.47 0.00 0.00
2003/01/22 14:18 7.47 7.47 7.47 7.47 0.00 0.00
2003/01/22 14:19 7.47 7.47 7.47 7.47 0.00 0.00
2003/01/22 14:20 7.47 7.47 7.47 7.47 15.00 11205.00
2003/01/22 14:21 7.48 7.48 7.48 7.48 2.00 1496.00
2003/01/22 14:22 7.48 7.48 7.48 7.48 0.00 0.00
2003/01/22 14:23 7.48 7.48 7.48 7.48 0.00 0.00
2003/01/22 14:24 7.48 7.48 7.47 7.47 45.00 33631.00
2003/01/22 14:25 7.47 7.47 7.47 7.47 0.00 0.00
2003/01/22 14:26 7.47 7.47 7.47 7.47 16.00 11952.00
2003/01/22 14:27 7.47 7.47 7.47 7.47 0.00 0.00
2003/01/22 14:28 7.50 7.50 7.49 7.49 30.00 22490.00
2003/01/22 14:29 7.48 7.50 7.48 7.50 51.00 38188.00
2003/01/22 14:30 7.48 7.50 7.48 7.50 27.00 20216.00
2003/01/22 14:31 7.50 7.50 7.50 7.50 186.83 140122.50
2003/01/22 14:32 7.51 7.55 7.51 7.55 113.00 84883.00
2003/01/22 14:33 7.57 7.58 7.57 7.58 229.88 174174.00
2003/01/22 14:34 7.57 7.59 7.57 7.59 171.00 129649.00
2003/01/22 14:35 7.60 7.60 7.59 7.60 256.00 194423.00
2003/01/22 14:36 7.60 7.60 7.60 7.60 429.43 326367.00
2003/01/22 14:37 7.60 7.62 7.60 7.62 455.68 347015.00
2003/01/22 14:38 7.62 7.65 7.62 7.64 314.79 240573.00
2003/01/22 14:39 7.64 7.64 7.62 7.62 75.21 57362.00
2003/01/22 14:40 7.62 7.62 7.61 7.61 243.08 185146.00
2003/01/22 14:41 7.61 7.62 7.60 7.61 126.12 96009.50
2003/01/22 14:42 7.61 7.61 7.61 7.61 187.00 142307.00
2003/01/22 14:43 7.60 7.63 7.60 7.63 381.23 290616.50
2003/01/22 14:44 7.64 7.65 7.64 7.65 1220.89 933918.00
2003/01/22 14:45 7.65 7.67 7.65 7.67 407.60 312062.00
2003/01/22 14:46 7.68 7.68 7.68 7.68 495.00 380160.00
2003/01/22 14:47 7.68 7.70 7.68 7.70 707.81 544439.00
2003/01/22 14:48 7.70 7.72 7.70 7.70 1269.96 979053.00
2003/01/22 14:49 7.70 7.70 7.69 7.70 968.28 745538.00
2003/01/22 14:50 7.68 7.68 7.67 7.68 281.00 215797.00
2003/01/22 14:51 7.68 7.68 7.67 7.68 107.00 82146.00
2003/01/22 14:52 7.65 7.68 7.65 7.67 324.80 248826.00
2003/01/22 14:53 7.66 7.68 7.66 7.67 200.40 153586.00
2003/01/22 14:54 7.67 7.68 7.66 7.66 243.00 186384.00
2003/01/22 14:55 7.67 7.68 7.67 7.68 218.52 167746.00
2003/01/22 14:56 7.68 7.68 7.66 7.66 188.00 144162.00
2003/01/22 14:57 7.66 7.68 7.65 7.65 394.48 302763.00
2003/01/22 14:58 7.65 7.67 7.63 7.63 245.00 187735.00
2003/01/22 14:59 7.63 7.63 7.63 7.63 117.88 89942.00
2003/01/22 15:00 7.63 7.65 7.63 7.65 227.12 170476.00
