2003/01/23 09:31 7.65 7.65 7.62 7.65 259.00 198145.00
2003/01/23 09:32 7.62 7.65 7.62 7.62 145.00 110845.00
2003/01/23 09:33 7.64 7.64 7.62 7.62 37.00 28234.00
2003/01/23 09:34 7.61 7.62 7.61 7.62 83.00 63193.00
2003/01/23 09:35 7.61 7.61 7.60 7.60 85.09 64713.00
2003/01/23 09:36 7.62 7.63 7.62 7.63 141.21 107443.00
2003/01/23 09:37 7.62 7.63 7.62 7.63 105.60 80535.00
2003/01/23 09:38 7.63 7.66 7.63 7.66 130.10 99432.00
2003/01/23 09:39 7.66 7.67 7.66 7.67 180.00 137918.00
2003/01/23 09:40 7.66 7.67 7.66 7.67 120.00 91961.00
2003/01/23 09:41 7.63 7.66 7.63 7.66 79.00 60372.00
2003/01/23 09:42 7.65 7.65 7.65 7.65 44.00 33648.00
2003/01/23 09:43 7.65 7.65 7.65 7.65 67.00 51255.00
2003/01/23 09:44 7.64 7.65 7.64 7.65 59.00 45083.00
2003/01/23 09:45 7.64 7.64 7.64 7.64 104.00 79484.00
2003/01/23 09:46 7.65 7.65 7.65 7.65 161.00 123155.00
2003/01/23 09:47 7.64 7.65 7.64 7.65 354.00 270562.00
2003/01/23 09:48 7.65 7.65 7.65 7.65 109.60 83884.00
2003/01/23 09:49 7.66 7.66 7.66 7.66 94.24 72121.00
2003/01/23 09:50 7.67 7.68 7.67 7.68 129.00 99010.00
2003/01/23 09:51 7.68 7.69 7.68 7.69 186.00 142867.00
2003/01/23 09:52 7.68 7.69 7.68 7.69 170.00 130723.00
2003/01/23 09:53 7.70 7.70 7.70 7.70 185.00 142397.00
2003/01/23 09:54 7.71 7.71 7.71 7.71 84.00 64736.00
2003/01/23 09:55 7.72 7.75 7.72 7.74 205.00 158450.00
2003/01/23 09:56 7.72 7.74 7.72 7.74 115.40 89275.00
2003/01/23 09:57 7.73 7.73 7.72 7.72 199.00 153825.00
2003/01/23 09:58 7.72 7.72 7.70 7.70 183.60 141583.00
2003/01/23 09:59 7.70 7.70 7.70 7.70 176.00 135605.00
2003/01/23 10:00 7.70 7.70 7.69 7.69 177.00 136227.00
2003/01/23 10:01 7.69 7.69 7.69 7.69 25.00 19225.00
2003/01/23 10:02 7.69 7.69 7.69 7.69 143.04 109968.00
2003/01/23 10:03 7.69 7.69 7.69 7.69 49.49 38071.00
2003/01/23 10:04 7.69 7.69 7.68 7.68 280.00 215219.00
2003/01/23 10:05 7.69 7.70 7.69 7.69 86.80 66720.00
2003/01/23 10:06 7.68 7.68 7.68 7.68 61.00 46848.00
2003/01/23 10:07 7.68 7.69 7.68 7.69 37.00 28426.00
2003/01/23 10:08 7.69 7.70 7.67 7.68 137.00 105203.00
2003/01/23 10:09 7.70 7.70 7.68 7.68 35.00 26917.00
2003/01/23 10:10 7.69 7.69 7.69 7.69 20.00 15385.00
2003/01/23 10:11 7.68 7.69 7.68 7.69 100.00 76948.00
2003/01/23 10:12 7.69 7.69 7.69 7.69 85.00 65365.00
2003/01/23 10:13 7.68 7.69 7.68 7.69 27.00 20761.00
2003/01/23 10:14 7.69 7.69 7.69 7.69 65.00 49935.00
2003/01/23 10:15 7.69 7.69 7.69 7.69 149.40 114844.00
2003/01/23 10:16 7.69 7.69 7.69 7.69 121.00 93049.00
2003/01/23 10:17 7.70 7.70 7.69 7.69 53.00 40807.00
2003/01/23 10:18 7.69 7.69 7.69 7.69 75.00 57680.00
2003/01/23 10:19 7.70 7.70 7.69 7.69 43.00 33087.00
2003/01/23 10:20 7.70 7.70 7.69 7.69 58.00 44630.00
2003/01/23 10:21 7.69 7.70 7.69 7.70 122.00 93819.00
2003/01/23 10:22 7.69 7.69 7.69 7.69 45.60 35066.00
2003/01/23 10:23 7.69 7.69 7.68 7.68 11.00 8449.00
2003/01/23 10:24 7.68 7.68 7.68 7.68 110.00 84500.00
2003/01/23 10:25 7.68 7.68 7.68 7.68 10.00 7680.00
2003/01/23 10:26 7.67 7.68 7.66 7.66 43.67 33502.00
2003/01/23 10:27 7.66 7.66 7.66 7.66 21.00 16086.00
2003/01/23 10:28 7.66 7.66 7.65 7.66 63.00 48207.00
2003/01/23 10:29 7.66 7.66 7.66 7.66 0.00 0.00
2003/01/23 10:30 7.67 7.67 7.67 7.67 67.00 51384.00
2003/01/23 10:31 7.67 7.67 7.67 7.67 161.00 123487.00
2003/01/23 10:32 7.67 7.67 7.63 7.63 274.00 209667.00
2003/01/23 10:33 7.63 7.63 7.63 7.63 11.00 8418.00
2003/01/23 10:34 7.64 7.65 7.64 7.65 61.00 46650.00
2003/01/23 10:35 7.65 7.65 7.64 7.64 40.00 30575.00
2003/01/23 10:36 7.64 7.65 7.64 7.65 26.00 19883.00
2003/01/23 10:37 7.64 7.64 7.63 7.63 160.00 122143.00
2003/01/23 10:38 7.63 7.63 7.63 7.63 36.00 27511.00
2003/01/23 10:39 7.63 7.63 7.61 7.61 78.00 59475.00
2003/01/23 10:40 7.61 7.61 7.60 7.60 35.00 26619.00
2003/01/23 10:41 7.60 7.60 7.60 7.60 110.00 83600.00
2003/01/23 10:42 7.60 7.60 7.60 7.60 41.00 31144.00
2003/01/23 10:43 7.60 7.60 7.60 7.60 8.00 6080.00
2003/01/23 10:44 7.60 7.60 7.60 7.60 0.00 0.00
2003/01/23 10:45 7.61 7.61 7.61 7.61 22.00 16726.00
2003/01/23 10:46 7.61 7.61 7.61 7.61 0.00 0.00
2003/01/23 10:47 7.61 7.61 7.61 7.61 8.00 6088.00
2003/01/23 10:48 7.61 7.61 7.61 7.61 0.00 0.00
2003/01/23 10:49 7.60 7.61 7.60 7.61 8.00 6082.00
2003/01/23 10:50 7.61 7.61 7.61 7.61 5.00 3805.00
2003/01/23 10:51 7.61 7.61 7.60 7.60 24.00 18246.00
2003/01/23 10:52 7.60 7.60 7.60 7.60 10.00 7606.00
2003/01/23 10:53 7.61 7.61 7.60 7.60 19.00 14444.00
2003/01/23 10:54 7.60 7.60 7.60 7.60 50.00 38010.00
2003/01/23 10:55 7.59 7.60 7.59 7.60 17.00 12908.00
2003/01/23 10:56 7.59 7.59 7.59 7.59 8.40 6375.00
2003/01/23 10:57 7.59 7.59 7.59 7.59 28.60 21708.00
2003/01/23 10:58 7.58 7.58 7.58 7.58 42.00 31836.00
2003/01/23 10:59 7.58 7.58 7.58 7.58 9.00 6822.00
2003/01/23 11:00 7.58 7.58 7.58 7.58 42.00 31812.00
2003/01/23 11:01 7.58 7.58 7.58 7.58 23.00 17434.00
2003/01/23 11:02 7.58 7.58 7.58 7.58 48.80 36990.00
2003/01/23 11:03 7.58 7.58 7.58 7.58 0.00 0.00
2003/01/23 11:04 7.58 7.58 7.58 7.58 0.00 0.00
2003/01/23 11:05 7.58 7.58 7.58 7.58 79.20 60054.00
2003/01/23 11:06 7.59 7.59 7.58 7.58 58.20 44147.00
2003/01/23 11:07 7.58 7.58 7.58 7.58 9.80 7429.00
2003/01/23 11:08 7.58 7.58 7.58 7.58 19.00 14402.00
2003/01/23 11:09 7.58 7.58 7.58 7.58 1.20 909.00
2003/01/23 11:10 7.58 7.58 7.57 7.57 14.80 11212.00
2003/01/23 11:11 7.60 7.60 7.60 7.60 20.00 15199.00
2003/01/23 11:12 7.58 7.58 7.58 7.58 5.00 3790.00
2003/01/23 11:13 7.58 7.58 7.58 7.58 15.00 11370.00
2003/01/23 11:14 7.57 7.57 7.55 7.55 107.00 80874.00
2003/01/23 11:15 7.55 7.55 7.53 7.53 32.00 24120.00
2003/01/23 11:16 7.52 7.52 7.52 7.52 57.00 42879.00
2003/01/23 11:17 7.53 7.53 7.53 7.53 5.00 3762.00
2003/01/23 11:18 7.52 7.52 7.52 7.52 3.00 2256.00
2003/01/23 11:19 7.52 7.52 7.52 7.52 0.00 0.00
2003/01/23 11:20 7.52 7.54 7.52 7.54 9.44 7103.00
2003/01/23 11:21 7.52 7.52 7.52 7.52 10.00 7535.00
2003/01/23 11:22 7.53 7.53 7.53 7.53 10.00 7530.00
2003/01/23 11:23 7.53 7.53 7.53 7.53 40.00 30120.00
2003/01/23 11:24 7.53 7.53 7.53 7.53 0.00 0.00
2003/01/23 11:25 7.53 7.53 7.53 7.53 70.00 52710.00
2003/01/23 11:26 7.53 7.53 7.52 7.52 71.56 53828.00
2003/01/23 11:27 7.53 7.53 7.53 7.53 4.44 3343.00
2003/01/23 11:28 7.53 7.53 7.53 7.53 5.00 3765.00
2003/01/23 11:29 7.55 7.55 7.55 7.55 3.00 2265.00
2003/01/23 11:30 7.55 7.55 7.55 7.55 0.00 0.00
2003/01/23 11:31 7.55 7.55 7.55 7.55 69.00 52095.00
2003/01/23 13:02 7.57 7.57 7.55 7.55 35.00 26462.00
2003/01/23 13:03 7.55 7.55 7.55 7.55 0.00 0.00
2003/01/23 13:04 7.55 7.55 7.55 7.55 20.00 15100.00
2003/01/23 13:05 7.55 7.55 7.55 7.55 7.00 5285.00
2003/01/23 13:06 7.55 7.55 7.55 7.55 30.00 22650.00
2003/01/23 13:07 7.56 7.56 7.56 7.56 8.00 6048.00
2003/01/23 13:08 7.56 7.56 7.56 7.56 13.40 10130.00
2003/01/23 13:09 7.56 7.56 7.56 7.56 5.00 3780.00
2003/01/23 13:10 7.56 7.56 7.56 7.56 0.00 0.00
2003/01/23 13:11 7.56 7.56 7.56 7.56 0.00 0.00
2003/01/23 13:12 7.56 7.56 7.56 7.56 0.00 0.00
2003/01/23 13:13 7.56 7.56 7.56 7.56 3.00 2268.00
2003/01/23 13:14 7.57 7.57 7.57 7.57 7.00 5299.00
2003/01/23 13:15 7.59 7.59 7.59 7.59 7.00 5313.00
2003/01/23 13:16 7.59 7.59 7.59 7.59 0.00 0.00
2003/01/23 13:17 7.57 7.57 7.57 7.57 22.00 16657.00
2003/01/23 13:18 7.59 7.59 7.59 7.59 15.00 11379.00
2003/01/23 13:19 7.58 7.58 7.58 7.58 17.00 12871.00
2003/01/23 13:20 7.57 7.57 7.57 7.57 44.00 33308.00
2003/01/23 13:21 7.56 7.58 7.56 7.56 39.60 29945.00
2003/01/23 13:22 7.55 7.56 7.55 7.56 15.00 11336.00
2003/01/23 13:23 7.56 7.56 7.56 7.56 7.00 5292.00
2003/01/23 13:24 7.56 7.56 7.56 7.56 4.03 3047.00
2003/01/23 13:25 7.56 7.56 7.56 7.56 4.97 3757.00
2003/01/23 13:26 7.56 7.56 7.56 7.56 0.00 0.00
2003/01/23 13:27 7.56 7.56 7.56 7.56 1.03 779.00
2003/01/23 13:28 7.56 7.56 7.56 7.56 1.97 1489.00
2003/01/23 13:29 7.56 7.56 7.56 7.56 0.00 0.00
2003/01/23 13:30 7.55 7.55 7.55 7.55 22.40 16932.00
2003/01/23 13:31 7.55 7.55 7.55 7.55 27.60 20838.00
2003/01/23 13:32 7.55 7.55 7.55 7.55 0.00 0.00
2003/01/23 13:33 7.55 7.55 7.55 7.55 0.00 0.00
2003/01/23 13:34 7.55 7.55 7.55 7.55 0.00 0.00
2003/01/23 13:35 7.55 7.55 7.55 7.55 0.00 0.00
2003/01/23 13:36 7.55 7.55 7.53 7.53 29.00 21877.00
2003/01/23 13:37 7.53 7.53 7.53 7.53 18.00 13574.00
2003/01/23 13:38 7.52 7.52 7.52 7.52 22.00 16544.00
2003/01/23 13:39 7.52 7.52 7.52 7.52 5.00 3760.00
2003/01/23 13:40 7.52 7.52 7.52 7.52 10.00 7520.00
2003/01/23 13:41 7.52 7.52 7.52 7.52 20.00 15045.00
2003/01/23 13:42 7.51 7.51 7.51 7.51 55.00 41318.00
2003/01/23 13:43 7.52 7.52 7.52 7.52 16.00 12032.00
2003/01/23 13:44 7.52 7.52 7.51 7.51 28.00 21052.00
2003/01/23 13:45 7.50 7.52 7.50 7.50 176.56 132446.00
2003/01/23 13:46 7.50 7.50 7.50 7.50 5.00 3750.00
2003/01/23 13:47 7.48 7.50 7.48 7.50 47.00 35229.00
2003/01/23 13:48 7.50 7.50 7.48 7.50 66.44 49802.00
2003/01/23 13:49 7.50 7.50 7.50 7.50 5.00 3750.00
2003/01/23 13:50 7.50 7.50 7.50 7.50 12.56 9420.00
2003/01/23 13:51 7.52 7.52 7.52 7.52 5.44 4090.00
2003/01/23 13:52 7.52 7.52 7.52 7.52 0.00 0.00
2003/01/23 13:53 7.52 7.52 7.52 7.52 32.60 24475.00
2003/01/23 13:54 7.52 7.52 7.50 7.50 105.96 79606.00
2003/01/23 13:55 7.50 7.50 7.50 7.50 8.00 6000.00
2003/01/23 13:56 7.50 7.50 7.50 7.50 213.84 160320.00
2003/01/23 13:57 7.50 7.50 7.48 7.48 68.00 50969.00
2003/01/23 13:58 7.50 7.50 7.50 7.50 6.00 4500.00
2003/01/23 13:59 7.50 7.50 7.50 7.50 8.00 6000.00
2003/01/23 14:00 7.50 7.52 7.49 7.49 24.00 18013.00
2003/01/23 14:01 7.52 7.52 7.52 7.52 10.00 7520.00
2003/01/23 14:02 7.52 7.52 7.52 7.52 42.00 31584.00
2003/01/23 14:03 7.52 7.52 7.52 7.52 0.00 0.00
2003/01/23 14:04 7.52 7.52 7.52 7.52 0.00 0.00
2003/01/23 14:05 7.52 7.52 7.52 7.52 0.00 0.00
2003/01/23 14:06 7.52 7.52 7.52 7.52 10.00 7520.00
2003/01/23 14:07 7.52 7.52 7.52 7.52 0.00 0.00
2003/01/23 14:08 7.52 7.52 7.52 7.52 0.00 0.00
2003/01/23 14:09 7.52 7.52 7.52 7.52 0.00 0.00
2003/01/23 14:10 7.52 7.52 7.52 7.52 8.00 6016.00
2003/01/23 14:11 7.52 7.52 7.52 7.52 21.00 15792.00
2003/01/23 14:12 7.52 7.52 7.52 7.52 6.00 4512.00
2003/01/23 14:13 7.54 7.54 7.54 7.54 5.00 3770.00
2003/01/23 14:14 7.54 7.54 7.54 7.54 0.00 0.00
2003/01/23 14:15 7.54 7.54 7.54 7.54 0.00 0.00
2003/01/23 14:16 7.54 7.54 7.54 7.54 3.00 2262.00
2003/01/23 14:17 7.55 7.55 7.55 7.55 10.00 7550.00
2003/01/23 14:18 7.55 7.55 7.55 7.55 10.00 7550.00
2003/01/23 14:19 7.56 7.56 7.56 7.56 20.00 15110.00
2003/01/23 14:20 7.55 7.55 7.55 7.55 5.00 3775.00
2003/01/23 14:21 7.54 7.55 7.54 7.55 65.00 49035.00
2003/01/23 14:22 7.53 7.53 7.53 7.53 32.00 24096.00
2003/01/23 14:23 7.53 7.53 7.53 7.53 30.00 22590.00
2003/01/23 14:24 7.52 7.52 7.52 7.52 8.60 6467.00
2003/01/23 14:25 7.52 7.52 7.52 7.52 5.00 3760.00
2003/01/23 14:26 7.52 7.52 7.52 7.52 2.00 1504.00
2003/01/23 14:27 7.51 7.51 7.51 7.51 22.40 16831.00
2003/01/23 14:28 7.52 7.52 7.52 7.52 11.60 8715.00
2003/01/23 14:29 7.52 7.53 7.52 7.53 42.20 31744.00
2003/01/23 14:30 7.53 7.53 7.53 7.53 1.00 753.00
2003/01/23 14:31 7.53 7.53 7.53 7.53 12.00 9036.00
2003/01/23 14:32 7.52 7.52 7.52 7.52 27.20 20454.00
2003/01/23 14:33 7.52 7.52 7.52 7.52 22.80 17146.00
2003/01/23 14:34 7.52 7.52 7.52 7.52 0.00 0.00
2003/01/23 14:35 7.53 7.53 7.53 7.53 5.00 3765.00
2003/01/23 14:36 7.51 7.51 7.51 7.51 150.00 112669.00
2003/01/23 14:37 7.50 7.50 7.50 7.50 94.20 70660.00
2003/01/23 14:38 7.50 7.50 7.49 7.49 17.00 12743.00
2003/01/23 14:39 7.49 7.49 7.49 7.49 59.00 44201.00
2003/01/23 14:40 7.50 7.50 7.45 7.45 425.00 317702.00
2003/01/23 14:41 7.45 7.45 7.45 7.45 10.00 7450.00
2003/01/23 14:42 7.46 7.46 7.46 7.46 5.00 3730.00
2003/01/23 14:43 7.47 7.47 7.46 7.46 20.00 14930.00
2003/01/23 14:44 7.48 7.48 7.48 7.48 10.00 7480.00
2003/01/23 14:45 7.49 7.49 7.49 7.49 2.00 1498.00
2003/01/23 14:46 7.48 7.48 7.48 7.48 69.00 51619.00
2003/01/23 14:47 7.47 7.47 7.47 7.47 79.00 59076.00
2003/01/23 14:48 7.47 7.47 7.47 7.47 10.00 7470.00
2003/01/23 14:49 7.47 7.47 7.47 7.47 0.00 0.00
2003/01/23 14:50 7.48 7.48 7.48 7.48 30.00 22440.00
2003/01/23 14:51 7.47 7.49 7.47 7.49 65.00 48608.00
2003/01/23 14:52 7.46 7.47 7.46 7.47 142.00 106072.00
2003/01/23 14:53 7.47 7.47 7.47 7.47 27.20 20318.00
2003/01/23 14:54 7.47 7.47 7.47 7.47 57.00 42589.00
2003/01/23 14:55 7.48 7.48 7.48 7.48 4.00 2992.00
2003/01/23 14:56 7.48 7.48 7.48 7.48 1.00 748.00
2003/01/23 14:57 7.48 7.48 7.47 7.47 26.00 19442.00
2003/01/23 14:58 7.48 7.48 7.47 7.47 290.80 217360.00
2003/01/23 14:59 7.47 7.47 7.46 7.46 36.00 26879.00
2003/01/23 15:00 7.47 7.47 7.46 7.46 229.00 170816.00
