2003/01/06 09:31 6.73 6.73 6.73 6.73 0.00 0.00
2003/01/06 09:32 6.73 6.73 6.73 6.73 0.00 0.00
2003/01/06 09:33 6.73 6.73 6.73 6.73 5.00 3365.00
2003/01/06 09:34 6.73 6.73 6.73 6.73 0.00 0.00
2003/01/06 09:35 6.73 6.73 6.73 6.73 0.00 0.00
2003/01/06 09:36 6.73 6.73 6.73 6.73 0.00 0.00
2003/01/06 09:37 6.80 6.80 6.80 6.80 5.00 3400.00
2003/01/06 09:38 6.80 6.80 6.80 6.80 0.00 0.00
2003/01/06 09:39 6.78 6.78 6.78 6.78 3.00 2034.00
2003/01/06 09:40 6.78 6.78 6.78 6.78 0.00 0.00
2003/01/06 09:41 6.75 6.75 6.75 6.75 6.00 4050.00
2003/01/06 09:42 6.75 6.75 6.75 6.75 0.00 0.00
2003/01/06 09:43 6.75 6.75 6.75 6.75 0.00 0.00
2003/01/06 09:44 6.75 6.75 6.75 6.75 0.00 0.00
2003/01/06 09:45 6.73 6.73 6.73 6.73 4.00 2692.00
2003/01/06 09:46 6.73 6.73 6.73 6.73 17.20 11575.60
2003/01/06 09:47 6.73 6.73 6.73 6.73 0.00 0.00
2003/01/06 09:48 6.73 6.73 6.73 6.73 16.00 10768.00
2003/01/06 09:49 6.73 6.73 6.73 6.73 0.00 0.00
2003/01/06 09:50 6.73 6.73 6.73 6.73 0.00 0.00
2003/01/06 09:51 6.73 6.73 6.73 6.73 17.00 11441.00
2003/01/06 09:52 6.73 6.73 6.73 6.73 0.00 0.00
2003/01/06 09:53 6.73 6.73 6.73 6.73 0.00 0.00
2003/01/06 09:54 6.72 6.72 6.72 6.72 22.80 15322.40
2003/01/06 09:55 6.72 6.72 6.72 6.72 0.00 0.00
2003/01/06 09:56 6.72 6.72 6.72 6.72 0.00 0.00
2003/01/06 09:57 6.72 6.72 6.72 6.72 0.00 0.00
2003/01/06 09:58 6.73 6.73 6.71 6.71 16.00 10762.00
2003/01/06 09:59 6.71 6.71 6.71 6.71 6.00 4026.00
2003/01/06 10:00 6.70 6.70 6.70 6.70 9.00 6030.00
2003/01/06 10:01 6.70 6.70 6.70 6.70 0.00 0.00
2003/01/06 10:02 6.70 6.70 6.70 6.70 0.00 0.00
2003/01/06 10:03 6.70 6.70 6.70 6.70 5.00 3350.00
2003/01/06 10:04 6.71 6.73 6.71 6.73 15.00 10075.00
2003/01/06 10:05 6.73 6.73 6.73 6.73 0.00 0.00
2003/01/06 10:06 6.73 6.73 6.73 6.73 1.00 673.00
2003/01/06 10:07 6.72 6.72 6.72 6.72 3.00 2016.00
2003/01/06 10:08 6.72 6.72 6.72 6.72 54.00 36288.00
2003/01/06 10:09 6.71 6.73 6.71 6.73 31.24 20971.72
2003/01/06 10:10 6.73 6.73 6.73 6.73 0.00 0.00
2003/01/06 10:11 6.75 6.75 6.75 6.75 5.00 3375.00
2003/01/06 10:12 6.73 6.73 6.73 6.73 5.16 3472.69
2003/01/06 10:13 6.73 6.73 6.73 6.73 0.00 0.00
2003/01/06 10:14 6.72 6.72 6.72 6.72 5.00 3360.00
2003/01/06 10:15 6.71 6.71 6.71 6.71 18.56 12453.77
2003/01/06 10:16 6.71 6.71 6.71 6.71 0.00 0.00
2003/01/06 10:17 6.71 6.71 6.71 6.71 2.40 1610.41
2003/01/06 10:18 6.71 6.71 6.71 6.71 0.00 0.00
2003/01/06 10:19 6.70 6.70 6.70 6.70 299.00 200329.98
2003/01/06 10:20 6.70 6.70 6.70 6.70 0.00 0.00
2003/01/06 10:21 6.70 6.70 6.70 6.70 0.00 0.00
2003/01/06 10:22 6.70 6.70 6.70 6.70 0.00 0.00
2003/01/06 10:23 6.73 6.73 6.70 6.70 25.00 16780.00
2003/01/06 10:24 6.70 6.70 6.70 6.70 0.00 0.00
2003/01/06 10:25 6.70 6.70 6.70 6.70 0.00 0.00
2003/01/06 10:26 6.72 6.72 6.72 6.72 10.00 6720.00
2003/01/06 10:27 6.73 6.75 6.73 6.75 20.00 13480.00
2003/01/06 10:28 6.75 6.75 6.75 6.75 0.00 0.00
2003/01/06 10:29 6.75 6.75 6.75 6.75 20.00 13500.00
2003/01/06 10:30 6.75 6.75 6.75 6.75 10.00 6750.00
2003/01/06 10:31 6.75 6.75 6.75 6.75 35.00 23625.00
2003/01/06 10:32 6.75 6.75 6.75 6.75 0.00 0.00
2003/01/06 10:33 6.75 6.75 6.75 6.75 0.00 0.00
2003/01/06 10:34 6.75 6.75 6.75 6.75 0.00 0.00
2003/01/06 10:35 6.75 6.75 6.75 6.75 20.84 14067.00
2003/01/06 10:36 6.76 6.76 6.76 6.76 22.00 14872.00
2003/01/06 10:37 6.76 6.76 6.76 6.76 0.00 0.00
2003/01/06 10:38 6.75 6.75 6.75 6.75 14.16 9558.00
2003/01/06 10:39 6.75 6.75 6.72 6.72 41.00 27597.00
2003/01/06 10:40 6.72 6.72 6.72 6.72 0.00 0.00
2003/01/06 10:41 6.72 6.72 6.72 6.72 0.00 0.00
2003/01/06 10:42 6.72 6.72 6.72 6.72 0.00 0.00
2003/01/06 10:43 6.72 6.72 6.72 6.72 0.00 0.00
2003/01/06 10:44 6.72 6.72 6.72 6.72 0.00 0.00
2003/01/06 10:45 6.72 6.72 6.72 6.72 0.00 0.00
2003/01/06 10:46 6.72 6.72 6.72 6.72 0.00 0.00
2003/01/06 10:47 6.72 6.72 6.72 6.72 0.00 0.00
2003/01/06 10:48 6.75 6.75 6.75 6.75 6.00 4050.00
2003/01/06 10:49 6.72 6.72 6.72 6.72 10.00 6720.00
2003/01/06 10:50 6.72 6.72 6.72 6.72 12.00 8064.00
2003/01/06 10:51 6.72 6.72 6.72 6.72 0.00 0.00
2003/01/06 10:52 6.72 6.72 6.72 6.72 0.00 0.00
2003/01/06 10:53 6.72 6.72 6.72 6.72 0.00 0.00
2003/01/06 10:54 6.72 6.72 6.72 6.72 0.00 0.00
2003/01/06 10:55 6.72 6.72 6.72 6.72 0.00 0.00
2003/01/06 10:56 6.72 6.72 6.72 6.72 0.00 0.00
2003/01/06 10:57 6.75 6.75 6.75 6.75 20.84 14067.00
2003/01/06 10:58 6.75 6.75 6.75 6.75 0.00 0.00
2003/01/06 10:59 6.75 6.75 6.75 6.75 0.00 0.00
2003/01/06 11:00 6.75 6.75 6.75 6.75 15.00 10125.00
2003/01/06 11:01 6.75 6.75 6.75 6.75 0.00 0.00
2003/01/06 11:02 6.75 6.75 6.75 6.75 0.00 0.00
2003/01/06 11:03 6.75 6.75 6.75 6.75 5.00 3375.00
2003/01/06 11:04 6.75 6.75 6.75 6.75 10.00 6750.00
2003/01/06 11:05 6.75 6.76 6.75 6.76 8.00 5403.00
2003/01/06 11:06 6.75 6.75 6.75 6.75 1.00 675.00
2003/01/06 11:07 6.78 6.78 6.78 6.78 10.00 6780.00
2003/01/06 11:08 6.78 6.78 6.78 6.78 0.00 0.00
2003/01/06 11:09 6.78 6.78 6.78 6.78 0.00 0.00
2003/01/06 11:10 6.78 6.78 6.78 6.78 12.00 8136.00
2003/01/06 11:11 6.78 6.78 6.78 6.78 0.00 0.00
2003/01/06 11:12 6.78 6.78 6.78 6.78 0.00 0.00
2003/01/06 11:13 6.77 6.77 6.77 6.77 6.00 4062.00
2003/01/06 11:14 6.77 6.77 6.77 6.77 7.00 4739.00
2003/01/06 11:15 6.78 6.78 6.78 6.78 6.00 4068.00
2003/01/06 11:16 6.77 6.78 6.77 6.78 8.00 5421.00
2003/01/06 11:17 6.78 6.78 6.78 6.78 0.00 0.00
2003/01/06 11:18 6.78 6.78 6.78 6.78 0.00 0.00
2003/01/06 11:19 6.78 6.78 6.78 6.78 51.48 34903.44
2003/01/06 11:20 6.78 6.78 6.78 6.78 0.00 0.00
2003/01/06 11:21 6.79 6.79 6.79 6.79 5.00 3395.00
2003/01/06 11:22 6.78 6.78 6.78 6.78 44.00 29832.00
2003/01/06 11:23 6.78 6.78 6.78 6.78 0.00 0.00
2003/01/06 11:24 6.78 6.78 6.78 6.78 0.00 0.00
2003/01/06 11:25 6.79 6.79 6.79 6.79 2.00 1358.00
2003/01/06 11:26 6.79 6.79 6.79 6.79 12.00 8148.00
2003/01/06 11:27 6.80 6.80 6.80 6.80 5.00 3400.00
2003/01/06 11:28 6.80 6.80 6.80 6.80 0.00 0.00
2003/01/06 11:29 6.80 6.80 6.80 6.80 0.00 0.00
2003/01/06 11:30 6.80 6.80 6.80 6.80 0.00 0.00
2003/01/06 11:31 6.80 6.80 6.79 6.79 136.00 92440.00
2003/01/06 13:02 6.80 6.80 6.79 6.79 4.00 2718.00
2003/01/06 13:03 6.79 6.79 6.79 6.79 0.00 0.00
2003/01/06 13:04 6.79 6.79 6.79 6.79 0.00 0.00
2003/01/06 13:05 6.80 6.80 6.80 6.80 5.00 3400.00
2003/01/06 13:06 6.80 6.80 6.80 6.80 0.00 0.00
2003/01/06 13:07 6.80 6.80 6.79 6.79 7.00 4756.00
2003/01/06 13:08 6.79 6.79 6.79 6.79 0.00 0.00
2003/01/06 13:09 6.79 6.79 6.79 6.79 0.00 0.00
2003/01/06 13:10 6.79 6.79 6.79 6.79 0.00 0.00
2003/01/06 13:11 6.79 6.79 6.79 6.79 0.00 0.00
2003/01/06 13:12 6.79 6.79 6.79 6.79 5.00 3395.00
2003/01/06 13:13 6.78 6.78 6.78 6.78 19.52 13235.00
2003/01/06 13:14 6.77 6.77 6.77 6.77 3.00 2031.00
2003/01/06 13:15 6.77 6.77 6.77 6.77 11.00 7447.00
2003/01/06 13:16 6.77 6.77 6.77 6.77 5.00 3385.00
2003/01/06 13:17 6.77 6.77 6.77 6.77 0.00 0.00
2003/01/06 13:18 6.77 6.77 6.77 6.77 0.00 0.00
2003/01/06 13:19 6.77 6.77 6.77 6.77 1.12 758.00
2003/01/06 13:20 6.76 6.76 6.76 6.76 10.00 6764.00
2003/01/06 13:21 6.76 6.76 6.76 6.76 0.00 0.00
2003/01/06 13:22 6.76 6.76 6.76 6.76 0.00 0.00
2003/01/06 13:23 6.76 6.76 6.76 6.76 0.00 0.00
2003/01/06 13:24 6.76 6.76 6.76 6.76 0.00 0.00
2003/01/06 13:25 6.76 6.76 6.76 6.76 0.00 0.00
2003/01/06 13:26 6.76 6.76 6.76 6.76 0.00 0.00
2003/01/06 13:27 6.76 6.76 6.76 6.76 0.00 0.00
2003/01/06 13:28 6.78 6.78 6.78 6.78 1.00 678.00
2003/01/06 13:29 6.78 6.78 6.78 6.78 0.00 0.00
2003/01/06 13:30 6.78 6.78 6.78 6.78 10.00 6780.00
2003/01/06 13:31 6.77 6.77 6.77 6.77 15.00 10155.00
2003/01/06 13:32 6.77 6.77 6.77 6.77 5.00 3385.00
2003/01/06 13:33 6.77 6.77 6.77 6.77 0.00 0.00
2003/01/06 13:34 6.77 6.77 6.77 6.77 4.00 2708.00
2003/01/06 13:35 6.77 6.77 6.77 6.77 0.00 0.00
2003/01/06 13:36 6.77 6.77 6.77 6.77 12.00 8124.00
2003/01/06 13:37 6.76 6.77 6.76 6.77 32.64 22089.00
2003/01/06 13:38 6.77 6.77 6.77 6.77 2.40 1624.00
2003/01/06 13:39 6.78 6.78 6.78 6.78 3.00 2034.00
2003/01/06 13:40 6.78 6.78 6.78 6.78 10.00 6780.00
2003/01/06 13:41 6.78 6.78 6.78 6.78 14.00 9492.00
2003/01/06 13:42 6.78 6.78 6.78 6.78 0.00 0.00
2003/01/06 13:43 6.78 6.78 6.78 6.78 0.00 0.00
2003/01/06 13:44 6.78 6.79 6.78 6.79 18.48 12540.00
2003/01/06 13:45 6.79 6.79 6.79 6.79 0.00 0.00
2003/01/06 13:46 6.78 6.78 6.78 6.78 4.00 2712.00
2003/01/06 13:47 6.79 6.79 6.79 6.79 8.00 5427.00
2003/01/06 13:48 6.79 6.79 6.79 6.79 57.00 38703.00
2003/01/06 13:49 6.79 6.79 6.79 6.79 2.00 1358.00
2003/01/06 13:50 6.80 6.80 6.80 6.80 33.00 22437.00
2003/01/06 13:51 6.79 6.80 6.79 6.80 104.00 70670.00
2003/01/06 13:52 6.80 6.80 6.80 6.80 0.00 0.00
2003/01/06 13:53 6.80 6.80 6.80 6.80 12.60 8568.00
2003/01/06 13:54 6.80 6.80 6.80 6.80 23.40 15912.00
2003/01/06 13:55 6.80 6.80 6.80 6.80 0.00 0.00
2003/01/06 13:56 6.80 6.80 6.80 6.80 0.00 0.00
2003/01/06 13:57 6.80 6.80 6.80 6.80 0.00 0.00
2003/01/06 13:58 6.80 6.80 6.80 6.80 20.00 13600.00
2003/01/06 13:59 6.80 6.80 6.80 6.80 0.00 0.00
2003/01/06 14:00 6.81 6.81 6.81 6.81 14.00 9529.00
2003/01/06 14:01 6.80 6.80 6.80 6.80 20.00 13600.00
2003/01/06 14:02 6.80 6.80 6.80 6.80 0.00 0.00
2003/01/06 14:03 6.81 6.81 6.81 6.81 40.00 27240.00
2003/01/06 14:04 6.81 6.81 6.81 6.81 5.60 3814.00
2003/01/06 14:05 6.81 6.83 6.81 6.83 63.20 43150.00
2003/01/06 14:06 6.82 6.83 6.82 6.83 38.00 25919.00
2003/01/06 14:07 6.83 6.83 6.83 6.83 22.00 15026.00
2003/01/06 14:08 6.83 6.83 6.83 6.83 2.00 1366.00
2003/01/06 14:09 6.83 6.83 6.83 6.83 8.00 5464.00
2003/01/06 14:10 6.83 6.83 6.83 6.83 3.00 2049.00
2003/01/06 14:11 6.82 6.82 6.82 6.82 25.00 17050.00
2003/01/06 14:12 6.82 6.82 6.81 6.81 45.00 30674.00
2003/01/06 14:13 6.81 6.81 6.81 6.81 5.00 3405.00
2003/01/06 14:14 6.81 6.81 6.81 6.81 0.00 0.00
2003/01/06 14:15 6.82 6.82 6.82 6.82 6.00 4092.00
2003/01/06 14:16 6.83 6.83 6.83 6.83 58.02 39624.00
2003/01/06 14:17 6.83 6.83 6.83 6.83 0.00 0.00
2003/01/06 14:18 6.83 6.83 6.83 6.83 1.98 1352.00
2003/01/06 14:19 6.83 6.83 6.83 6.83 0.00 0.00
2003/01/06 14:20 6.84 6.84 6.84 6.84 10.00 6835.00
2003/01/06 14:21 6.84 6.84 6.84 6.84 31.22 21351.00
2003/01/06 14:22 6.84 6.84 6.84 6.84 30.00 20520.00
2003/01/06 14:23 6.84 6.84 6.84 6.84 50.78 34734.00
2003/01/06 14:24 6.82 6.82 6.82 6.82 310.00 211420.00
2003/01/06 14:25 6.81 6.81 6.81 6.81 2.00 1362.00
2003/01/06 14:26 6.81 6.81 6.81 6.81 8.80 5999.00
2003/01/06 14:27 6.81 6.81 6.81 6.81 0.00 0.00
2003/01/06 14:28 6.81 6.81 6.81 6.81 44.80 30524.00
2003/01/06 14:29 6.82 6.82 6.82 6.82 10.00 6820.00
2003/01/06 14:30 6.81 6.81 6.81 6.81 45.60 31054.00
2003/01/06 14:31 6.80 6.80 6.80 6.80 10.00 6800.00
2003/01/06 14:32 6.80 6.80 6.80 6.80 0.00 0.00
2003/01/06 14:33 6.80 6.81 6.80 6.81 44.40 30227.00
2003/01/06 14:34 6.81 6.81 6.81 6.81 0.00 0.00
2003/01/06 14:35 6.81 6.81 6.81 6.81 13.00 8853.00
2003/01/06 14:36 6.82 6.82 6.82 6.82 4.00 2728.00
2003/01/06 14:37 6.82 6.82 6.82 6.82 3.00 2046.00
2003/01/06 14:38 6.82 6.82 6.82 6.82 0.00 0.00
2003/01/06 14:39 6.82 6.82 6.82 6.82 0.00 0.00
2003/01/06 14:40 6.82 6.82 6.82 6.82 0.00 0.00
2003/01/06 14:41 6.82 6.82 6.81 6.81 80.00 54520.00
2003/01/06 14:42 6.81 6.81 6.81 6.81 11.00 7491.00
2003/01/06 14:43 6.81 6.81 6.81 6.81 0.00 0.00
2003/01/06 14:44 6.81 6.81 6.81 6.81 0.00 0.00
2003/01/06 14:45 6.82 6.82 6.82 6.82 123.00 83886.00
2003/01/06 14:46 6.82 6.82 6.82 6.82 34.00 23188.00
2003/01/06 14:47 6.82 6.82 6.82 6.82 0.00 0.00
2003/01/06 14:48 6.82 6.82 6.82 6.82 0.00 0.00
2003/01/06 14:49 6.83 6.83 6.83 6.83 3.22 2200.00
2003/01/06 14:50 6.84 6.84 6.84 6.84 20.00 13680.00
2003/01/06 14:51 6.84 6.84 6.84 6.84 6.00 4104.00
2003/01/06 14:52 6.84 6.84 6.84 6.84 21.00 14364.00
2003/01/06 14:53 6.84 6.84 6.83 6.83 52.78 36103.00
2003/01/06 14:54 6.83 6.83 6.83 6.83 6.00 4098.00
2003/01/06 14:55 6.83 6.83 6.83 6.83 0.00 0.00
2003/01/06 14:56 6.83 6.83 6.83 6.83 0.00 0.00
2003/01/06 14:57 6.82 6.82 6.82 6.82 16.00 10857.38
2003/01/06 14:58 6.83 6.83 6.83 6.83 4.00 2732.00
2003/01/06 14:59 6.82 6.83 6.82 6.83 38.20 26135.63
2003/01/06 15:01 6.84 6.84 6.84 6.84 5.00 3420.00
