2003/01/07 09:31 6.90 6.90 6.85 6.85 22.00 15145.00
2003/01/07 09:32 6.85 6.85 6.85 6.85 35.00 24092.00
2003/01/07 09:33 6.88 6.88 6.88 6.88 5.00 3440.00
2003/01/07 09:34 6.88 6.88 6.88 6.88 0.00 0.00
2003/01/07 09:35 6.85 6.85 6.85 6.85 3.00 2055.00
2003/01/07 09:36 6.85 6.85 6.85 6.85 0.00 0.00
2003/01/07 09:37 6.85 6.85 6.85 6.85 8.00 5480.00
2003/01/07 09:38 6.85 6.85 6.85 6.85 0.00 0.00
2003/01/07 09:39 6.85 6.85 6.85 6.85 5.00 3425.00
2003/01/07 09:40 6.85 6.85 6.85 6.85 0.00 0.00
2003/01/07 09:41 6.85 6.85 6.85 6.85 18.00 12330.00
2003/01/07 09:42 6.85 6.85 6.85 6.85 0.00 0.00
2003/01/07 09:43 6.85 6.85 6.85 6.85 5.00 3425.00
2003/01/07 09:44 6.85 6.85 6.85 6.85 0.00 0.00
2003/01/07 09:45 6.85 6.86 6.85 6.86 62.00 42472.00
2003/01/07 09:46 6.86 6.86 6.86 6.86 0.00 0.00
2003/01/07 09:47 6.85 6.86 6.85 6.86 38.00 26058.00
2003/01/07 09:48 6.86 6.86 6.86 6.86 32.00 21952.00
2003/01/07 09:49 6.86 6.86 6.86 6.86 15.00 10290.00
2003/01/07 09:50 6.87 6.87 6.87 6.87 11.00 7557.00
2003/01/07 09:51 6.88 6.88 6.88 6.88 32.68 22470.00
2003/01/07 09:52 6.90 6.90 6.90 6.90 5.00 3450.00
2003/01/07 09:53 6.90 6.90 6.90 6.90 59.00 40710.00
2003/01/07 09:54 6.92 6.92 6.92 6.92 23.00 15916.00
2003/01/07 09:55 6.92 6.92 6.92 6.92 44.00 30448.00
2003/01/07 09:56 6.93 6.93 6.92 6.93 18.00 12472.00
2003/01/07 09:57 6.95 6.95 6.94 6.94 60.00 41690.00
2003/01/07 09:58 6.95 6.95 6.95 6.95 16.00 11110.00
2003/01/07 09:59 6.95 6.95 6.95 6.95 0.00 0.00
2003/01/07 10:00 6.95 6.95 6.95 6.95 52.60 36564.00
2003/01/07 10:01 6.95 6.95 6.95 6.95 67.40 46843.00
2003/01/07 10:02 6.97 6.97 6.93 6.93 48.00 33363.00
2003/01/07 10:03 6.96 6.96 6.96 6.96 11.00 7656.00
2003/01/07 10:04 6.93 6.93 6.93 6.93 44.00 30502.00
2003/01/07 10:05 6.95 6.95 6.95 6.95 38.00 26378.00
2003/01/07 10:06 6.92 6.92 6.92 6.92 29.00 20068.00
2003/01/07 10:07 6.91 6.91 6.91 6.91 20.00 13820.00
2003/01/07 10:08 6.90 6.90 6.90 6.90 50.00 34500.00
2003/01/07 10:09 6.92 6.92 6.92 6.92 1.00 692.00
2003/01/07 10:10 6.92 6.92 6.92 6.92 0.00 0.00
2003/01/07 10:11 6.93 6.93 6.93 6.93 39.62 27457.00
2003/01/07 10:12 6.93 6.93 6.93 6.93 5.00 3465.00
2003/01/07 10:13 6.93 6.93 6.93 6.93 10.00 6930.00
2003/01/07 10:14 6.93 6.93 6.93 6.93 5.00 3465.00
2003/01/07 10:15 6.93 6.93 6.93 6.93 5.00 3465.00
2003/01/07 10:16 6.93 6.93 6.93 6.93 5.00 3465.00
2003/01/07 10:17 6.93 6.94 6.93 6.94 9.00 6242.00
2003/01/07 10:18 6.94 6.94 6.94 6.94 63.00 43722.00
2003/01/07 10:19 6.94 6.94 6.94 6.94 12.00 8328.00
2003/01/07 10:20 6.94 6.95 6.94 6.95 108.43 75328.00
2003/01/07 10:21 6.96 6.96 6.95 6.95 22.00 15307.00
2003/01/07 10:22 6.95 6.96 6.95 6.95 86.57 60216.00
2003/01/07 10:23 6.95 6.95 6.95 6.95 0.00 0.00
2003/01/07 10:24 6.95 6.95 6.94 6.94 45.00 31235.00
2003/01/07 10:25 6.94 6.94 6.93 6.93 83.38 57786.00
2003/01/07 10:26 6.92 6.92 6.92 6.92 4.00 2768.00
2003/01/07 10:27 6.91 6.91 6.91 6.91 5.00 3467.88
2003/01/07 10:28 6.91 6.91 6.91 6.91 7.00 4837.00
2003/01/07 10:29 6.91 6.91 6.91 6.91 0.00 0.00
2003/01/07 10:30 6.90 6.90 6.90 6.90 7.20 4968.00
2003/01/07 10:31 6.90 6.90 6.90 6.90 0.00 0.00
2003/01/07 10:32 6.90 6.90 6.90 6.90 17.40 12006.00
2003/01/07 10:33 6.90 6.90 6.90 6.90 0.00 0.00
2003/01/07 10:34 6.90 6.90 6.90 6.90 0.00 0.00
2003/01/07 10:35 6.90 6.90 6.90 6.90 46.40 32003.13
2003/01/07 10:36 6.90 6.90 6.90 6.90 21.60 14904.00
2003/01/07 10:37 6.92 6.92 6.90 6.90 8.00 5526.00
2003/01/07 10:38 6.90 6.90 6.90 6.90 0.00 0.00
2003/01/07 10:39 6.90 6.90 6.90 6.90 8.40 5796.00
2003/01/07 10:40 6.90 6.90 6.89 6.89 18.00 12419.00
2003/01/07 10:41 6.90 6.90 6.90 6.90 20.00 13800.00
2003/01/07 10:42 6.90 6.90 6.90 6.90 0.00 0.00
2003/01/07 10:43 6.90 6.90 6.90 6.90 0.00 0.00
2003/01/07 10:44 6.89 6.89 6.89 6.89 20.00 13780.00
2003/01/07 10:45 6.89 6.89 6.89 6.89 0.00 0.00
2003/01/07 10:46 6.88 6.88 6.88 6.88 104.60 71965.00
2003/01/07 10:47 6.88 6.88 6.88 6.88 33.40 22979.00
2003/01/07 10:48 6.87 6.87 6.86 6.86 24.00 16468.00
2003/01/07 10:49 6.85 6.85 6.85 6.85 52.00 35620.00
2003/01/07 10:50 6.85 6.85 6.85 6.85 30.00 20570.00
2003/01/07 10:51 6.85 6.85 6.85 6.85 0.00 0.00
2003/01/07 10:52 6.85 6.85 6.85 6.85 26.00 17810.00
2003/01/07 10:53 6.85 6.85 6.85 6.85 20.00 13700.00
2003/01/07 10:54 6.85 6.85 6.85 6.85 10.00 6850.00
2003/01/07 10:55 6.85 6.85 6.85 6.85 7.00 4795.00
2003/01/07 10:56 6.85 6.85 6.85 6.85 0.00 0.00
2003/01/07 10:57 6.85 6.85 6.85 6.85 2.00 1370.00
2003/01/07 10:58 6.85 6.85 6.85 6.85 10.00 6850.00
2003/01/07 10:59 6.85 6.85 6.85 6.85 19.91 13638.00
2003/01/07 11:00 6.85 6.85 6.85 6.85 0.00 0.00
2003/01/07 11:01 6.85 6.85 6.85 6.85 50.00 34254.00
2003/01/07 11:02 6.85 6.85 6.85 6.85 0.00 0.00
2003/01/07 11:03 6.86 6.86 6.86 6.86 8.00 5488.00
2003/01/07 11:04 6.86 6.86 6.86 6.86 20.00 13720.00
2003/01/07 11:05 6.86 6.86 6.86 6.86 10.00 6860.00
2003/01/07 11:06 6.85 6.85 6.85 6.85 5.00 3425.00
2003/01/07 11:07 6.85 6.85 6.85 6.85 36.40 24934.00
2003/01/07 11:08 6.85 6.85 6.85 6.85 1.69 1158.00
2003/01/07 11:09 6.85 6.85 6.85 6.85 0.00 0.00
2003/01/07 11:10 6.84 6.84 6.84 6.84 5.00 3420.00
2003/01/07 11:11 6.84 6.84 6.84 6.84 0.00 0.00
2003/01/07 11:12 6.84 6.84 6.84 6.84 0.00 0.00
2003/01/07 11:13 6.84 6.84 6.84 6.84 2.00 1368.00
2003/01/07 11:14 6.84 6.84 6.84 6.84 0.00 0.00
2003/01/07 11:15 6.84 6.84 6.84 6.84 0.00 0.00
2003/01/07 11:16 6.84 6.84 6.84 6.84 9.00 6156.00
2003/01/07 11:17 6.84 6.84 6.84 6.84 0.00 0.00
2003/01/07 11:18 6.84 6.84 6.84 6.84 87.40 59781.00
2003/01/07 11:19 6.84 6.84 6.84 6.84 0.00 0.00
2003/01/07 11:20 6.84 6.84 6.84 6.84 0.00 0.00
2003/01/07 11:21 6.84 6.84 6.84 6.84 11.00 7524.00
2003/01/07 11:22 6.84 6.84 6.84 6.84 0.00 0.00
2003/01/07 11:23 6.84 6.84 6.84 6.84 20.00 13680.00
2003/01/07 11:24 6.84 6.84 6.84 6.84 0.00 0.00
2003/01/07 11:25 6.84 6.84 6.84 6.84 0.00 0.00
2003/01/07 11:26 6.84 6.84 6.84 6.84 0.00 0.00
2003/01/07 11:27 6.84 6.84 6.84 6.84 0.00 0.00
2003/01/07 11:28 6.85 6.85 6.85 6.85 4.00 2740.00
2003/01/07 11:29 6.85 6.85 6.85 6.85 0.00 0.00
2003/01/07 11:30 6.85 6.85 6.85 6.85 0.00 0.00
2003/01/07 11:31 6.84 6.85 6.84 6.85 37.00 25328.00
2003/01/07 13:02 6.85 6.85 6.85 6.85 4.00 2740.00
2003/01/07 13:03 6.85 6.85 6.85 6.85 7.00 4795.00
2003/01/07 13:04 6.85 6.85 6.85 6.85 0.00 0.00
2003/01/07 13:05 6.85 6.85 6.85 6.85 0.00 0.00
2003/01/07 13:06 6.85 6.85 6.85 6.85 0.00 0.00
2003/01/07 13:07 6.85 6.85 6.85 6.85 0.00 0.00
2003/01/07 13:08 6.84 6.84 6.84 6.84 4.00 2736.00
2003/01/07 13:09 6.84 6.84 6.84 6.84 0.00 0.00
2003/01/07 13:10 6.84 6.84 6.84 6.84 0.00 0.00
2003/01/07 13:11 6.84 6.84 6.84 6.84 0.00 0.00
2003/01/07 13:12 6.84 6.84 6.84 6.84 0.00 0.00
2003/01/07 13:13 6.84 6.84 6.84 6.84 0.00 0.00
2003/01/07 13:14 6.85 6.85 6.85 6.85 2.00 1370.00
2003/01/07 13:15 6.84 6.85 6.84 6.84 28.00 19162.00
2003/01/07 13:16 6.84 6.84 6.84 6.84 0.00 0.00
2003/01/07 13:17 6.84 6.84 6.84 6.84 0.00 0.00
2003/01/07 13:18 6.84 6.84 6.84 6.84 0.00 0.00
2003/01/07 13:19 6.84 6.84 6.84 6.84 10.00 6840.00
2003/01/07 13:20 6.84 6.84 6.84 6.84 0.00 0.00
2003/01/07 13:21 6.84 6.84 6.84 6.84 0.00 0.00
2003/01/07 13:22 6.84 6.84 6.84 6.84 0.00 0.00
2003/01/07 13:23 6.84 6.84 6.84 6.84 0.00 0.00
2003/01/07 13:24 6.84 6.84 6.84 6.84 0.00 0.00
2003/01/07 13:25 6.84 6.84 6.84 6.84 30.00 20520.00
2003/01/07 13:26 6.84 6.84 6.84 6.84 2.00 1368.00
2003/01/07 13:27 6.84 6.84 6.84 6.84 16.00 10944.00
2003/01/07 13:28 6.85 6.85 6.85 6.85 5.00 3425.00
2003/01/07 13:29 6.85 6.85 6.85 6.85 0.00 0.00
2003/01/07 13:30 6.85 6.85 6.85 6.85 20.00 13700.00
2003/01/07 13:31 6.85 6.85 6.85 6.85 2.00 1370.00
2003/01/07 13:32 6.84 6.84 6.84 6.84 2.00 1368.00
2003/01/07 13:33 6.84 6.84 6.84 6.84 3.00 2052.00
2003/01/07 13:34 6.85 6.85 6.84 6.84 35.00 23970.00
2003/01/07 13:35 6.84 6.84 6.84 6.84 15.00 10260.00
2003/01/07 13:36 6.84 6.84 6.84 6.84 0.00 0.00
2003/01/07 13:37 6.84 6.84 6.84 6.84 20.00 13680.00
2003/01/07 13:38 6.84 6.84 6.84 6.84 0.00 0.00
2003/01/07 13:39 6.84 6.84 6.84 6.84 0.00 0.00
2003/01/07 13:40 6.85 6.85 6.84 6.84 21.00 14365.00
2003/01/07 13:41 6.84 6.84 6.84 6.84 0.00 0.00
2003/01/07 13:42 6.83 6.83 6.83 6.83 150.00 102468.00
2003/01/07 13:43 6.83 6.83 6.83 6.83 0.00 0.00
2003/01/07 13:44 6.83 6.83 6.83 6.83 0.00 0.00
2003/01/07 13:45 6.83 6.83 6.83 6.83 0.00 0.00
2003/01/07 13:46 6.85 6.85 6.85 6.85 5.00 3425.00
2003/01/07 13:47 6.85 6.85 6.85 6.85 4.00 2740.00
2003/01/07 13:48 6.85 6.85 6.85 6.85 6.00 4110.00
2003/01/07 13:49 6.85 6.85 6.85 6.85 0.00 0.00
2003/01/07 13:50 6.85 6.85 6.85 6.85 0.00 0.00
2003/01/07 13:51 6.85 6.85 6.85 6.85 2.00 1370.00
2003/01/07 13:52 6.85 6.85 6.85 6.85 0.00 0.00
2003/01/07 13:53 6.85 6.85 6.85 6.85 0.00 0.00
2003/01/07 13:54 6.84 6.84 6.84 6.84 8.00 5472.00
2003/01/07 13:55 6.84 6.84 6.84 6.84 0.00 0.00
2003/01/07 13:56 6.84 6.84 6.84 6.84 11.00 7524.00
2003/01/07 13:57 6.83 6.83 6.83 6.83 11.00 7513.00
2003/01/07 13:58 6.83 6.84 6.83 6.83 95.60 65305.00
2003/01/07 13:59 6.82 6.82 6.82 6.82 23.00 15686.00
2003/01/07 14:00 6.82 6.82 6.82 6.82 0.00 0.00
2003/01/07 14:01 6.80 6.80 6.80 6.80 20.00 13600.00
2003/01/07 14:02 6.80 6.80 6.80 6.80 97.00 65960.00
2003/01/07 14:03 6.80 6.80 6.80 6.80 30.00 20400.00
2003/01/07 14:04 6.80 6.80 6.80 6.80 0.00 0.00
2003/01/07 14:05 6.78 6.78 6.78 6.78 10.00 6780.00
2003/01/07 14:06 6.78 6.78 6.78 6.78 0.00 0.00
2003/01/07 14:07 6.78 6.78 6.78 6.78 0.00 0.00
2003/01/07 14:08 6.78 6.78 6.78 6.78 0.00 0.00
2003/01/07 14:09 6.79 6.79 6.79 6.79 4.00 2716.00
2003/01/07 14:10 6.79 6.79 6.79 6.79 0.00 0.00
2003/01/07 14:11 6.79 6.79 6.79 6.79 0.00 0.00
2003/01/07 14:12 6.79 6.79 6.79 6.79 0.00 0.00
2003/01/07 14:13 6.80 6.80 6.80 6.80 6.00 4080.00
2003/01/07 14:14 6.80 6.80 6.80 6.80 5.00 3400.00
2003/01/07 14:15 6.80 6.80 6.80 6.80 0.00 0.00
2003/01/07 14:16 6.80 6.80 6.80 6.80 0.00 0.00
2003/01/07 14:17 6.80 6.80 6.80 6.80 0.00 0.00
2003/01/07 14:18 6.80 6.80 6.80 6.80 0.00 0.00
2003/01/07 14:19 6.80 6.80 6.80 6.80 0.00 0.00
2003/01/07 14:20 6.80 6.80 6.80 6.80 0.00 0.00
2003/01/07 14:21 6.80 6.80 6.80 6.80 0.00 0.00
2003/01/07 14:22 6.79 6.79 6.79 6.79 5.00 3395.00
2003/01/07 14:23 6.79 6.79 6.79 6.79 0.00 0.00
2003/01/07 14:24 6.78 6.78 6.78 6.78 19.00 12882.00
2003/01/07 14:25 6.78 6.78 6.78 6.78 0.00 0.00
2003/01/07 14:26 6.78 6.78 6.78 6.78 5.00 3390.00
2003/01/07 14:27 6.78 6.78 6.78 6.78 0.00 0.00
2003/01/07 14:28 6.78 6.78 6.78 6.78 11.00 7458.00
2003/01/07 14:29 6.78 6.78 6.78 6.78 0.00 0.00
2003/01/07 14:30 6.78 6.78 6.78 6.78 30.60 20747.00
2003/01/07 14:31 6.78 6.78 6.78 6.78 0.00 0.00
2003/01/07 14:32 6.78 6.78 6.78 6.78 0.00 0.00
2003/01/07 14:33 6.78 6.78 6.78 6.78 0.00 0.00
2003/01/07 14:34 6.78 6.78 6.78 6.78 28.40 19255.00
2003/01/07 14:35 6.78 6.78 6.78 6.78 0.00 0.00
2003/01/07 14:36 6.78 6.78 6.78 6.78 5.00 3390.00
2003/01/07 14:37 6.78 6.78 6.78 6.78 71.60 48545.00
2003/01/07 14:38 6.78 6.78 6.78 6.78 0.00 0.00
2003/01/07 14:39 6.78 6.78 6.78 6.78 0.00 0.00
2003/01/07 14:40 6.79 6.79 6.79 6.79 10.00 6790.00
2003/01/07 14:41 6.79 6.79 6.79 6.79 101.00 68540.00
2003/01/07 14:42 6.80 6.80 6.80 6.80 3.00 2040.00
2003/01/07 14:43 6.80 6.80 6.80 6.80 63.00 42840.00
2003/01/07 14:44 6.80 6.80 6.80 6.80 25.00 17000.00
2003/01/07 14:45 6.79 6.80 6.79 6.80 27.40 18614.00
2003/01/07 14:46 6.80 6.80 6.79 6.79 10.60 7202.00
2003/01/07 14:47 6.80 6.80 6.80 6.80 2.00 1360.00
2003/01/07 14:48 6.80 6.80 6.80 6.80 0.00 0.00
2003/01/07 14:49 6.80 6.80 6.80 6.80 6.00 4080.00
2003/01/07 14:50 6.80 6.80 6.80 6.80 0.00 0.00
2003/01/07 14:51 6.80 6.80 6.80 6.80 75.00 51000.00
2003/01/07 14:52 6.80 6.80 6.80 6.80 0.00 0.00
2003/01/07 14:53 6.80 6.80 6.80 6.80 8.00 5415.00
2003/01/07 14:54 6.80 6.80 6.80 6.80 45.00 30600.00
2003/01/07 14:55 6.80 6.80 6.80 6.80 0.00 0.00
2003/01/07 14:56 6.81 6.81 6.80 6.80 12.00 8167.00
2003/01/07 14:57 6.81 6.82 6.81 6.82 44.00 29968.00
2003/01/07 14:58 6.82 6.82 6.82 6.82 0.00 0.00
2003/01/07 14:59 6.82 6.82 6.82 6.82 14.00 9548.00
2003/01/07 15:01 6.82 6.82 6.82 6.82 6.00 4118.00
