2003/01/09 09:31 7.06 7.08 7.06 7.08 142.50 100803.00
2003/01/09 09:32 7.06 7.07 7.06 7.06 35.00 24720.00
2003/01/09 09:33 7.06 7.06 7.06 7.06 25.00 17650.00
2003/01/09 09:34 7.07 7.07 7.05 7.07 197.92 139881.44
2003/01/09 09:35 7.05 7.05 7.05 7.05 72.58 51168.91
2003/01/09 09:36 7.05 7.05 7.05 7.05 15.00 10575.00
2003/01/09 09:37 7.05 7.05 7.05 7.05 3.00 2115.00
2003/01/09 09:38 7.03 7.05 7.03 7.05 20.00 14080.00
2003/01/09 09:39 7.03 7.05 7.03 7.05 105.00 74015.00
2003/01/09 09:40 7.05 7.05 7.03 7.03 61.92 43589.75
2003/01/09 09:41 7.03 7.05 7.03 7.05 90.00 63360.03
2003/01/09 09:42 7.06 7.06 7.06 7.06 36.00 25416.00
2003/01/09 09:43 7.05 7.09 7.05 7.09 116.79 82490.56
2003/01/09 09:44 7.08 7.09 7.08 7.09 7.00 4957.00
2003/01/09 09:45 7.09 7.10 7.09 7.10 90.00 63885.00
2003/01/09 09:46 7.09 7.10 7.09 7.10 99.40 70554.00
2003/01/09 09:47 7.11 7.12 7.11 7.12 49.20 34999.19
2003/01/09 09:48 7.11 7.12 7.11 7.12 93.00 66158.00
2003/01/09 09:49 7.11 7.11 7.10 7.10 81.80 58109.81
2003/01/09 09:50 7.10 7.10 7.10 7.10 129.00 91590.00
2003/01/09 09:51 7.09 7.09 7.09 7.09 78.00 55302.06
2003/01/09 09:52 7.08 7.08 7.08 7.08 105.00 74340.00
2003/01/09 09:53 7.08 7.08 7.08 7.08 10.00 7080.00
2003/01/09 09:54 7.07 7.08 7.07 7.08 36.00 25481.00
2003/01/09 09:55 7.06 7.08 7.06 7.08 169.00 119364.00
2003/01/09 09:56 7.08 7.09 7.08 7.09 36.21 25668.63
2003/01/09 09:57 7.09 7.09 7.09 7.09 7.00 4963.00
2003/01/09 09:58 7.08 7.09 7.08 7.09 73.23 51910.13
2003/01/09 09:59 7.09 7.09 7.09 7.09 11.00 7799.00
2003/01/09 10:00 7.09 7.09 7.09 7.09 68.60 48637.38
2003/01/09 10:01 7.10 7.10 7.09 7.09 78.17 55472.50
2003/01/09 10:02 7.08 7.08 7.08 7.08 35.00 24780.00
2003/01/09 10:03 7.07 7.08 7.07 7.08 21.00 14863.00
2003/01/09 10:04 7.06 7.06 7.06 7.06 3.00 2118.00
2003/01/09 10:05 7.06 7.06 7.06 7.06 1.00 706.00
2003/01/09 10:06 7.04 7.05 7.03 7.03 67.00 47173.00
2003/01/09 10:07 7.03 7.03 7.03 7.03 26.00 18278.00
2003/01/09 10:08 7.05 7.05 7.05 7.05 20.00 14100.00
2003/01/09 10:09 7.05 7.05 7.05 7.05 0.00 0.00
2003/01/09 10:10 7.05 7.05 7.05 7.05 43.00 30315.00
2003/01/09 10:11 7.05 7.05 7.05 7.05 0.00 0.00
2003/01/09 10:12 7.06 7.06 7.03 7.05 200.00 140870.00
2003/01/09 10:13 7.05 7.05 7.05 7.05 20.00 14100.00
2003/01/09 10:14 7.05 7.05 7.05 7.05 0.00 0.00
2003/01/09 10:15 7.03 7.06 7.03 7.05 65.00 45735.00
2003/01/09 10:16 7.05 7.05 7.05 7.05 10.00 7050.00
2003/01/09 10:17 7.05 7.05 7.05 7.05 41.00 28905.00
2003/01/09 10:18 7.06 7.06 7.06 7.06 5.00 3530.00
2003/01/09 10:19 7.05 7.06 7.05 7.06 28.00 19763.00
2003/01/09 10:20 7.05 7.05 7.05 7.05 14.90 10504.50
2003/01/09 10:21 7.05 7.08 7.05 7.05 60.00 42450.00
2003/01/09 10:22 7.05 7.05 7.05 7.05 8.00 5640.00
2003/01/09 10:23 7.05 7.05 7.05 7.05 0.00 0.00
2003/01/09 10:24 7.05 7.05 7.05 7.05 46.00 32430.00
2003/01/09 10:25 7.08 7.08 7.07 7.07 7.32 5178.25
2003/01/09 10:26 7.05 7.08 7.05 7.05 54.00 38085.00
2003/01/09 10:27 7.05 7.05 7.05 7.05 29.00 20445.00
2003/01/09 10:28 7.05 7.05 7.05 7.05 26.40 18612.13
2003/01/09 10:29 7.07 7.07 7.07 7.07 80.00 56560.00
2003/01/09 10:30 7.07 7.07 7.06 7.06 36.00 25451.00
2003/01/09 10:31 7.06 7.06 7.06 7.06 0.00 0.00
2003/01/09 10:32 7.06 7.07 7.06 7.07 4.48 3165.00
2003/01/09 10:33 7.07 7.07 7.07 7.07 20.00 14140.00
2003/01/09 10:34 7.07 7.07 7.07 7.07 4.00 2828.00
2003/01/09 10:35 7.06 7.07 7.06 7.07 38.52 27203.75
2003/01/09 10:36 7.06 7.07 7.06 7.07 24.00 16958.00
2003/01/09 10:37 7.07 7.07 7.07 7.07 29.00 20503.00
2003/01/09 10:38 7.06 7.06 7.06 7.06 20.00 14120.00
2003/01/09 10:39 7.06 7.06 7.06 7.06 0.00 0.00
2003/01/09 10:40 7.06 7.06 7.06 7.06 20.00 14120.00
2003/01/09 10:41 7.05 7.06 7.05 7.06 118.00 83194.00
2003/01/09 10:42 7.05 7.05 7.04 7.04 109.38 77111.00
2003/01/09 10:43 7.03 7.03 7.03 7.03 64.08 45048.25
2003/01/09 10:44 7.03 7.03 7.03 7.03 15.00 10545.00
2003/01/09 10:45 7.03 7.03 7.03 7.03 12.92 9082.75
2003/01/09 10:46 7.02 7.04 7.02 7.04 31.00 21764.00
2003/01/09 10:47 7.04 7.04 7.04 7.04 9.00 6336.00
2003/01/09 10:48 7.05 7.05 7.05 7.05 10.62 7487.00
2003/01/09 10:49 7.04 7.04 7.04 7.04 20.00 14080.00
2003/01/09 10:50 7.04 7.04 7.04 7.04 3.00 2112.00
2003/01/09 10:51 7.04 7.04 7.04 7.04 7.00 4928.00
2003/01/09 10:52 7.04 7.04 7.04 7.04 15.00 10560.00
2003/01/09 10:53 7.04 7.04 7.04 7.04 0.00 0.00
2003/01/09 10:54 7.05 7.05 7.05 7.05 13.00 9165.00
2003/01/09 10:55 7.05 7.05 7.05 7.05 0.00 0.00
2003/01/09 10:56 7.05 7.05 7.05 7.05 6.00 4230.00
2003/01/09 10:57 7.05 7.05 7.05 7.05 19.00 13395.00
2003/01/09 10:58 7.04 7.04 7.04 7.04 15.38 10827.50
2003/01/09 10:59 7.04 7.04 7.04 7.04 2.00 1408.00
2003/01/09 11:00 7.04 7.04 7.04 7.04 0.00 0.00
2003/01/09 11:01 7.03 7.03 7.03 7.03 6.00 4218.00
2003/01/09 11:02 7.02 7.02 7.02 7.02 15.00 10530.00
2003/01/09 11:03 7.02 7.02 7.01 7.01 35.00 24537.00
2003/01/09 11:04 7.01 7.01 7.00 7.00 71.49 50049.00
2003/01/09 11:05 7.00 7.01 7.00 7.01 40.00 28010.00
2003/01/09 11:06 7.00 7.00 6.98 6.98 41.59 29059.00
2003/01/09 11:07 6.97 6.98 6.97 6.98 99.41 69320.25
2003/01/09 11:08 6.98 6.98 6.98 6.98 0.00 0.00
2003/01/09 11:09 7.00 7.00 7.00 7.00 32.00 22400.00
2003/01/09 11:10 7.00 7.00 7.00 7.00 0.00 0.00
2003/01/09 11:11 7.01 7.03 7.01 7.03 130.92 92012.00
2003/01/09 11:12 7.02 7.02 7.02 7.02 6.00 4212.00
2003/01/09 11:13 7.04 7.04 7.03 7.03 13.00 9142.00
2003/01/09 11:14 7.03 7.04 7.03 7.04 13.00 9149.00
2003/01/09 11:15 7.04 7.04 7.04 7.04 1.42 999.75
2003/01/09 11:16 7.04 7.04 7.04 7.04 5.00 3520.00
2003/01/09 11:17 7.04 7.04 7.03 7.03 13.58 9554.25
2003/01/09 11:18 7.02 7.02 7.02 7.02 5.00 3510.00
2003/01/09 11:19 7.02 7.02 7.02 7.02 14.00 9828.00
2003/01/09 11:20 7.02 7.02 7.02 7.02 0.00 0.00
2003/01/09 11:21 7.02 7.02 7.02 7.02 0.00 0.00
2003/01/09 11:22 7.02 7.02 7.02 7.02 30.00 21060.00
2003/01/09 11:23 7.01 7.02 7.01 7.02 10.80 7576.50
2003/01/09 11:24 7.02 7.02 7.02 7.02 0.00 0.00
2003/01/09 11:25 7.02 7.02 7.02 7.02 0.00 0.00
2003/01/09 11:26 7.04 7.04 7.04 7.04 10.00 7040.00
2003/01/09 11:27 7.04 7.04 7.04 7.04 0.00 0.00
2003/01/09 11:28 7.04 7.04 7.04 7.04 0.00 0.00
2003/01/09 11:29 7.04 7.04 7.04 7.04 0.00 0.00
2003/01/09 11:30 7.04 7.04 7.04 7.04 0.00 0.00
2003/01/09 11:31 7.04 7.04 7.04 7.04 5.00 3520.00
2003/01/09 13:02 7.04 7.04 7.04 7.04 0.00 0.00
2003/01/09 13:03 7.04 7.04 7.04 7.04 0.00 0.00
2003/01/09 13:04 7.04 7.04 7.04 7.04 0.00 0.00
2003/01/09 13:05 7.04 7.04 7.04 7.04 0.00 0.00
2003/01/09 13:06 7.02 7.02 7.02 7.02 20.00 14040.00
2003/01/09 13:07 7.04 7.04 7.04 7.04 20.00 14080.00
2003/01/09 13:08 7.04 7.04 7.04 7.04 0.00 0.00
2003/01/09 13:09 7.04 7.04 7.04 7.04 0.00 0.00
2003/01/09 13:10 7.04 7.04 7.04 7.04 0.00 0.00
2003/01/09 13:11 7.04 7.04 7.04 7.04 0.00 0.00
2003/01/09 13:12 7.02 7.02 7.02 7.02 10.00 7020.00
2003/01/09 13:13 7.02 7.02 7.02 7.02 50.00 35100.00
2003/01/09 13:14 7.02 7.02 7.02 7.02 0.00 0.00
2003/01/09 13:15 7.04 7.04 7.04 7.04 16.00 11264.00
2003/01/09 13:16 7.04 7.04 7.04 7.04 20.22 14235.00
2003/01/09 13:17 7.04 7.05 7.04 7.05 29.78 20985.00
2003/01/09 13:18 7.02 7.02 7.02 7.02 10.00 7020.00
2003/01/09 13:19 7.02 7.02 7.02 7.02 2.68 1881.25
2003/01/09 13:20 7.02 7.05 7.02 7.05 7.00 4920.00
2003/01/09 13:21 7.05 7.05 7.05 7.05 0.00 0.00
2003/01/09 13:22 7.05 7.05 7.05 7.05 0.00 0.00
2003/01/09 13:23 7.06 7.06 7.06 7.06 41.42 29242.50
2003/01/09 13:24 7.07 7.07 7.07 7.07 5.00 3535.00
2003/01/09 13:25 7.07 7.07 7.07 7.07 15.58 11015.00
2003/01/09 13:26 7.07 7.07 7.07 7.07 3.00 2121.00
2003/01/09 13:27 7.08 7.08 7.08 7.08 13.00 9204.00
2003/01/09 13:28 7.08 7.08 7.08 7.08 27.00 19116.00
2003/01/09 13:29 7.07 7.07 7.07 7.07 5.00 3535.00
2003/01/09 13:30 7.07 7.07 7.07 7.07 7.20 5090.50
2003/01/09 13:31 7.07 7.07 7.07 7.07 16.22 11467.50
2003/01/09 13:32 7.06 7.06 7.06 7.06 12.58 8881.50
2003/01/09 13:33 7.06 7.07 7.06 7.07 77.00 54429.00
2003/01/09 13:34 7.06 7.06 7.06 7.06 5.00 3530.00
2003/01/09 13:35 7.06 7.06 7.06 7.06 0.00 0.00
2003/01/09 13:36 7.05 7.05 7.05 7.05 31.50 22207.50
2003/01/09 13:37 7.05 7.05 7.05 7.05 10.00 7050.00
2003/01/09 13:38 7.06 7.06 7.05 7.05 46.40 32738.50
2003/01/09 13:39 7.05 7.05 7.05 7.05 0.00 0.00
2003/01/09 13:40 7.05 7.05 7.05 7.05 18.00 12690.00
2003/01/09 13:41 7.06 7.06 7.06 7.06 28.80 20332.75
2003/01/09 13:42 7.06 7.06 7.06 7.06 9.00 6354.00
2003/01/09 13:43 7.07 7.07 7.06 7.06 15.00 10595.00
2003/01/09 13:44 7.06 7.07 7.06 7.07 42.20 29834.50
2003/01/09 13:45 7.08 7.08 7.08 7.08 5.00 3540.00
2003/01/09 13:46 7.08 7.09 7.08 7.09 27.99 19837.00
2003/01/09 13:47 7.08 7.09 7.08 7.09 10.00 7085.00
2003/01/09 13:48 7.09 7.10 7.09 7.10 47.20 33465.75
2003/01/09 13:49 7.10 7.10 7.10 7.10 19.00 13490.00
2003/01/09 13:50 7.09 7.09 7.09 7.09 66.80 47361.25
2003/01/09 13:51 7.09 7.10 7.09 7.10 46.06 32692.50
2003/01/09 13:52 7.09 7.10 7.08 7.08 55.44 39342.50
2003/01/09 13:53 7.08 7.08 7.08 7.08 50.00 35400.00
2003/01/09 13:54 7.08 7.08 7.08 7.08 11.00 7788.00
2003/01/09 13:55 7.05 7.05 7.05 7.05 87.00 61335.00
2003/01/09 13:56 7.06 7.06 7.06 7.06 3.00 2118.00
2003/01/09 13:57 7.07 7.07 7.07 7.07 20.00 14140.00
2003/01/09 13:58 7.06 7.08 7.06 7.08 46.08 32588.50
2003/01/09 13:59 7.08 7.08 7.08 7.08 0.00 0.00
2003/01/09 14:00 7.09 7.09 7.09 7.09 3.00 2127.00
2003/01/09 14:01 7.09 7.09 7.09 7.09 0.00 0.00
2003/01/09 14:02 7.09 7.09 7.09 7.09 41.00 29069.00
2003/01/09 14:03 7.09 7.10 7.09 7.10 24.00 17026.00
2003/01/09 14:04 7.10 7.10 7.10 7.10 20.49 14548.00
2003/01/09 14:05 7.10 7.10 7.10 7.10 40.00 28400.00
2003/01/09 14:06 7.09 7.09 7.09 7.09 24.00 17016.00
2003/01/09 14:07 7.09 7.09 7.08 7.08 10.51 7448.50
2003/01/09 14:08 7.07 7.08 7.07 7.07 47.00 33241.00
2003/01/09 14:09 7.07 7.07 7.07 7.07 23.00 16261.00
2003/01/09 14:10 7.07 7.07 7.07 7.07 13.00 9191.00
2003/01/09 14:11 7.07 7.07 7.07 7.07 7.00 4949.00
2003/01/09 14:12 7.07 7.07 7.07 7.07 11.00 7777.00
2003/01/09 14:13 7.07 7.07 7.07 7.07 3.00 2121.00
2003/01/09 14:14 7.07 7.07 7.07 7.07 0.00 0.00
2003/01/09 14:15 7.07 7.08 7.06 7.08 80.00 56530.00
2003/01/09 14:16 7.08 7.08 7.08 7.08 3.00 2124.00
2003/01/09 14:17 7.08 7.08 7.08 7.08 0.00 0.00
2003/01/09 14:18 7.08 7.08 7.08 7.08 9.00 6372.00
2003/01/09 14:19 7.08 7.08 7.08 7.08 1.60 1132.75
2003/01/09 14:20 7.09 7.09 7.09 7.09 10.00 7090.00
2003/01/09 14:21 7.09 7.10 7.09 7.10 186.49 132381.50
2003/01/09 14:22 7.10 7.12 7.10 7.12 49.56 35220.50
2003/01/09 14:23 7.12 7.12 7.12 7.12 161.00 114632.00
2003/01/09 14:24 7.12 7.14 7.12 7.14 90.76 64699.00
2003/01/09 14:25 7.13 7.15 7.13 7.15 191.00 136530.00
2003/01/09 14:26 7.15 7.16 7.15 7.16 100.20 71688.00
2003/01/09 14:27 7.15 7.18 7.15 7.18 162.16 116422.00
2003/01/09 14:28 7.19 7.20 7.19 7.20 62.00 44593.00
2003/01/09 14:29 7.20 7.20 7.20 7.20 218.00 156960.00
2003/01/09 14:30 7.20 7.21 7.20 7.20 221.72 159675.50
2003/01/09 14:31 7.20 7.23 7.20 7.23 330.80 238797.00
2003/01/09 14:32 7.22 7.22 7.20 7.20 173.00 124620.00
2003/01/09 14:33 7.20 7.21 7.20 7.21 59.48 42845.50
2003/01/09 14:34 7.19 7.19 7.18 7.18 60.00 43109.50
2003/01/09 14:35 7.17 7.18 7.17 7.18 4.00 2869.00
2003/01/09 14:36 7.18 7.18 7.18 7.18 0.00 0.00
2003/01/09 14:37 7.18 7.18 7.17 7.17 81.00 58123.00
2003/01/09 14:38 7.17 7.17 7.17 7.17 20.40 14627.00
2003/01/09 14:39 7.17 7.18 7.17 7.18 16.00 11485.00
2003/01/09 14:40 7.16 7.18 7.16 7.18 43.00 30812.00
2003/01/09 14:41 7.18 7.18 7.18 7.18 16.20 11631.50
2003/01/09 14:42 7.19 7.20 7.19 7.20 60.00 43160.00
2003/01/09 14:43 7.20 7.20 7.20 7.20 73.00 52560.00
2003/01/09 14:44 7.20 7.22 7.20 7.20 130.00 93816.00
2003/01/09 14:45 7.21 7.22 7.21 7.22 16.00 11546.00
2003/01/09 14:46 7.21 7.22 7.21 7.21 72.40 52240.50
2003/01/09 14:47 7.22 7.22 7.21 7.21 51.00 36782.00
2003/01/09 14:48 7.20 7.20 7.20 7.20 50.00 36000.00
2003/01/09 14:49 7.20 7.21 7.20 7.20 98.00 70587.00
2003/01/09 14:50 7.20 7.20 7.20 7.20 70.60 50832.00
2003/01/09 14:51 7.20 7.20 7.20 7.20 3.00 2160.00
2003/01/09 14:52 7.19 7.19 7.19 7.19 24.00 17256.00
2003/01/09 14:53 7.19 7.19 7.19 7.19 20.00 14380.00
2003/01/09 14:54 7.19 7.19 7.19 7.19 58.44 42018.50
2003/01/09 14:55 7.19 7.19 7.18 7.18 26.56 19075.50
2003/01/09 14:56 7.18 7.19 7.18 7.19 21.80 15672.50
2003/01/09 14:57 7.19 7.19 7.18 7.18 42.44 30474.50
2003/01/09 14:58 7.18 7.19 7.18 7.18 23.56 16919.00
2003/01/09 14:59 7.17 7.18 7.17 7.18 12.00 8614.00
2003/01/09 15:00 7.18 7.18 7.17 7.17 71.00 51065.00
