 2009/10/19	  28.190	  28.880	  27.890	  28.820	       27850812	           	           	           	           	 278508.125	           	           	      0.000	      0.000	      0.000	
 2009/10/20	  29.300	  30.030	  29.100	  29.820	       48365037	           	           	           	           	 483650.375	           	           	      0.080	      0.016	      0.128	
 2009/10/21	  29.780	  30.080	  29.430	  29.550	       21587755	           	           	           	           	 215877.563	           	           	      0.120	      0.037	      0.166	
 2009/10/22	  29.400	  29.670	  29.180	  29.320	       17276010	           	           	           	           	 172760.094	           	           	      0.131	      0.056	      0.152	
 2009/10/23	  29.500	  30.050	  29.380	  29.670	       18737944	     29.436	           	           	           	 187379.438	 267635.125	           	      0.167	      0.078	      0.178	
 2009/10/26	  29.830	  31.150	  29.830	  30.840	       40991333	     29.840	           	           	           	 409913.313	 293916.156	           	      0.286	      0.120	      0.333	
 2009/10/27	  30.610	  31.060	  30.160	  30.380	       30039518	     29.952	           	           	           	 300395.188	 257265.125	           	      0.340	      0.164	      0.352	
 2009/10/28	  30.300	  30.650	  29.680	  30.170	       20879154	     30.076	           	           	           	 208791.547	 255847.938	           	      0.361	      0.203	      0.316	
 2009/10/29	  29.680	  29.700	  28.750	  29.000	       21030121	     30.012	           	           	           	 210301.203	 263356.125	           	      0.280	      0.219	      0.124	
 2009/10/30	  29.650	  29.900	  29.120	  29.180	       19549625	     29.914	     29.675	           	           	 195496.234	 264979.469	 266307.313	      0.228	      0.221	      0.015	
 2009/11/02	  28.440	  30.390	  27.800	  30.060	       39976775	     29.758	     29.799	           	           	 399767.750	 262950.375	 278433.250	      0.255	      0.227	      0.055	
 2009/11/03	  29.950	  31.000	  29.950	  30.450	       27212355	     29.772	     29.862	           	           	 272123.563	 257296.078	 257280.594	      0.304	      0.243	      0.123	
 2009/11/04	  30.300	  30.850	  30.090	  30.480	       16762667	     29.834	     29.955	           	           	 167626.672	 249063.047	 252455.500	      0.342	      0.263	      0.158	
 2009/11/05	  30.410	  30.800	  30.410	  30.500	       13575139	     30.134	     30.073	           	           	 135751.391	 234153.156	 248754.641	      0.369	      0.284	      0.170	
 2009/11/06	  30.800	  31.060	  30.400	  30.460	       15196011	     30.390	     30.152	           	           	 151960.109	 225445.906	 245212.688	      0.383	      0.304	      0.158	
 2009/11/09	  30.450	  30.680	  30.050	  30.640	       20256586	     30.506	     30.132	           	           	 202565.859	 186005.547	 224477.969	      0.403	      0.323	      0.160	
 2009/11/10	  30.800	  31.240	  30.700	  30.750	       20520520	     30.566	     30.169	           	           	 205205.203	 172621.797	 214958.938	      0.424	      0.344	      0.160	
 2009/11/11	  30.570	  31.200	  30.500	  30.940	       18150899	     30.658	     30.246	           	           	 181509.000	 175398.297	 212230.672	      0.450	      0.365	      0.171	
 2009/11/12	  31.000	  31.390	  30.260	  30.520	       21630262	     30.662	     30.398	           	           	 216302.625	 191508.500	 212830.828	      0.432	      0.378	      0.108	
 2009/11/13	  30.490	  30.490	  29.870	  30.240	       20444057	     30.618	     30.504	     30.089	           	 204440.563	 202004.703	 213725.297	      0.391	      0.381	      0.020	
 2009/11/16	  30.400	  31.290	  30.400	  31.160	       23900165	     30.722	     30.614	     30.207	           	 239001.641	 209291.797	 197648.672	      0.427	      0.390	      0.075	
 2009/11/17	  31.600	  31.600	  30.910	  31.160	       17518364	     30.804	     30.685	     30.273	           	 175183.641	 203287.500	 187954.656	      0.451	      0.402	      0.098	
 2009/11/18	  31.250	  31.350	  30.690	  31.030	       16177462	     30.822	     30.740	     30.348	           	 161774.625	 199340.594	 187369.453	      0.454	      0.413	      0.083	
 2009/11/19	  30.950	  31.410	  30.750	  30.820	       19274777	     30.882	     30.772	     30.423	           	 192747.766	 194629.703	 193069.094	      0.435	      0.417	      0.035	
 2009/11/20	  30.750	  31.590	  30.400	  31.300	       30963367	     31.094	     30.856	     30.504	           	 309633.688	 215668.203	 208836.453	      0.453	      0.424	      0.057	
 2009/11/23	  31.350	  31.710	  31.070	  31.600	       22613105	     31.182	     30.952	     30.542	           	 226131.047	 213094.094	 211192.953	      0.486	      0.437	      0.098	
 2009/11/24	  31.780	  32.010	  30.200	  30.310	       26843202	     31.012	     30.908	     30.539	           	 268432.031	 231743.797	 217515.656	      0.403	      0.430	     -0.054	
 2009/11/25	  30.410	  30.990	  30.110	  30.960	       17963912	     30.998	     30.910	     30.578	           	 179639.125	 235316.797	 217328.703	      0.386	      0.421	     -0.071	
 2009/11/26	  31.140	  31.800	  30.110	  30.220	       30801064	     30.878	     30.880	     30.639	           	 308010.625	 258369.297	 226499.500	      0.308	      0.399	     -0.180	
 2009/11/27	  29.990	  29.990	  28.660	  28.810	       28537153	     30.380	     30.737	     30.621	           	 285371.531	 253516.906	 234592.547	      0.132	      0.345	     -0.426	
 2009/11/30	  29.280	  30.040	  29.190	  29.880	       16041081	     30.036	     30.609	     30.612	           	 160410.813	 240372.906	 226733.500	      0.078	      0.292	     -0.428	
 2009/12/01	  29.800	  30.350	  29.300	  30.060	       15620977	     29.986	     30.499	     30.592	           	 156209.766	 217928.406	 224836.094	      0.049	      0.243	     -0.389	
 2009/12/02	  30.450	  31.050	  30.300	  30.620	       18105184	     29.918	     30.458	     30.599	           	 181051.844	 218210.906	 226763.844	      0.070	      0.208	     -0.277	
 2009/12/03	  30.640	  30.820	  30.070	  30.560	       11187940	     29.986	     30.432	     30.602	           	 111879.398	 178984.703	 218677.000	      0.081	      0.183	     -0.204	
 2009/12/04	  30.400	  32.670	  30.240	  32.480	       64748788	     30.720	     30.550	     30.703	           	 647487.875	 251407.906	 252462.406	      0.242	      0.195	      0.094	
 2009/12/07	  32.000	  32.780	  31.900	  32.460	       32965766	     31.236	     30.636	     30.794	           	 329657.656	 285257.313	 262815.094	      0.364	      0.229	      0.270	
 2009/12/08	  32.410	  32.760	  31.590	  32.000	       26456798	     31.624	     30.805	     30.857	           	 264567.969	 306929.000	 262428.688	      0.418	      0.266	      0.303	
 2009/12/09	  31.340	  31.940	  30.900	  31.100	       18610504	     31.720	     30.819	     30.865	           	 186105.047	 307939.594	 263075.250	      0.384	      0.290	      0.189	
 2009/12/10	  31.550	  31.640	  30.520	  31.040	       18336958	     31.816	     30.901	     30.891	           	 183369.578	 322237.500	 250611.094	      0.349	      0.302	      0.094	
 2009/12/11	  31.110	  31.690	  30.900	  31.230	       10094945	     31.566	     31.143	     30.940	           	 100949.453	 212930.000	 232168.953	      0.332	      0.308	      0.048	
 2009/12/14	  31.000	  31.760	  29.800	  31.510	       25764133	     31.376	     31.306	     30.958	           	 257641.313	 198526.594	 241891.953	      0.337	      0.314	      0.047	
 2009/12/15	  31.200	  31.290	  30.440	  30.460	       19945189	     31.068	     31.346	     30.923	           	 199451.875	 185503.406	 246216.203	      0.254	      0.302	     -0.096	
 2009/12/16	  30.300	  30.770	  30.070	  30.250	       14458961	     30.898	     31.309	     30.884	           	 144589.609	 177200.406	 242570.000	      0.169	      0.275	     -0.212	
 2009/12/17	  30.350	  30.500	  29.310	  29.540	       14195055	     30.598	     31.207	     30.820	           	 141950.547	 168916.594	 245577.047	      0.044	      0.229	     -0.370	
 2009/12/18	  29.480	  29.480	  28.200	  28.770	       28112356	     30.106	     30.836	     30.693	           	 281123.563	 204951.406	 208940.703	     -0.116	      0.160	     -0.552	
 2009/12/21	  28.510	  29.150	  28.450	  28.900	       16761884	     29.584	     30.480	     30.558	           	 167618.844	 186947.000	 192736.797	     -0.230	      0.082	     -0.623	
 2009/12/22	  28.990	  29.100	  28.150	  28.400	       12204058	     29.172	     30.120	     30.462	           	 122040.578	 171464.594	 178484.000	     -0.356	     -0.006	     -0.701	
 2009/12/23	  28.540	  29.390	  28.470	  28.760	       20362096	     28.874	     29.886	     30.353	           	 203620.953	 183270.797	 180235.594	     -0.422	     -0.089	     -0.667	
 2009/12/24	  28.650	  29.640	  28.150	  29.330	       30540899	     28.832	     29.715	     30.308	           	 305409.000	 215962.594	 192439.594	     -0.424	     -0.156	     -0.536	
 2009/12/25	  29.100	  29.390	  29.030	  29.130	       10603786	     28.904	     29.505	     30.324	           	 106037.859	 180945.406	 192948.406	     -0.436	     -0.212	     -0.448	
 2009/12/28	  29.190	  30.340	  29.180	  29.810	       19999496	     29.086	     29.335	     30.321	           	 199994.953	 187420.594	 187183.797	     -0.387	     -0.247	     -0.279	
 2009/12/29	  29.870	  30.090	  29.400	  29.790	       14466832	     29.364	     29.268	     30.307	           	 144668.313	 191946.203	 181705.406	     -0.345	     -0.266	     -0.157	
 2009/12/30	  29.880	  31.300	  29.780	  30.890	       41707034	     29.790	     29.332	     30.321	           	 417070.313	 234636.203	 208953.500	     -0.221	     -0.257	      0.073	
 2009/12/31	  30.890	  31.400	  30.680	  30.990	       20532894	     30.122	     29.477	     30.342	           	 205328.938	 214620.203	 215291.406	     -0.113	     -0.228	      0.231	
 2010/01/04	  31.010	  31.180	  30.300	  30.340	       16668838	     30.364	     29.634	     30.235	           	 166688.375	 226750.203	 203847.797	     -0.079	     -0.198	      0.239	
 2010/01/05	  30.490	  31.040	  30.050	  30.720	       15391886	     30.546	     29.816	     30.148	           	 153918.859	 217535.000	 202477.797	     -0.021	     -0.163	      0.284	
 2010/01/06	  30.500	  30.500	  29.670	  29.750	       26432194	     30.538	     29.951	     30.036	           	 264321.938	 241465.797	 216706.000	     -0.053	     -0.141	      0.176	
 2010/01/07	  29.620	  29.900	  28.790	  29.180	       19595025	     30.196	     29.993	     29.940	           	 195950.234	 197241.594	 215938.906	     -0.123	     -0.137	      0.029	
 2010/01/08	  28.980	  29.430	  28.720	  29.220	       11967457	     29.842	     29.982	     29.849	           	 119674.570	 180110.797	 197365.500	     -0.173	     -0.144	     -0.057	
 2010/01/11	  30.790	  30.950	  28.850	  28.920	       31605291	     29.558	     29.961	     29.733	     30.254	 316052.906	 209983.594	 218366.906	     -0.234	     -0.162	     -0.143	
 2010/01/12	  28.990	  29.410	  28.130	  29.410	       20315340	     29.296	     29.921	     29.628	     30.264	 203153.406	 219830.594	 218682.797	     -0.240	     -0.178	     -0.125	
 2010/01/13	  28.900	  29.100	  27.900	  28.090	       28276455	     28.964	     29.751	     29.510	     30.235	 282764.563	 223519.000	 232492.406	     -0.348	     -0.212	     -0.272	
 2010/01/14	  28.320	  28.900	  27.930	  28.580	       18435007	     28.844	     29.520	     29.426	     30.219	 184350.078	 221199.203	 209220.406	     -0.389	     -0.247	     -0.283	
 2010/01/15	  28.550	  28.960	  28.200	  28.830	       15135085	     28.766	     29.304	     29.391	     30.211	 151350.844	 227534.203	 203822.500	     -0.397	     -0.277	     -0.239	
 2010/01/18	  28.600	  28.600	  28.010	  28.310	       18562278	     28.644	     29.101	     29.368	     30.188	 185622.781	 201448.406	 205716.000	     -0.440	     -0.310	     -0.260	
 2010/01/19	  28.330	  28.800	  28.280	  28.390	       13371268	     28.440	     28.868	     29.342	     30.147	 133712.688	 187560.203	 203695.406	     -0.462	     -0.340	     -0.244	
 2010/01/20	  28.400	  28.550	  27.460	  27.690	       18060706	     28.360	     28.662	     29.307	     30.103	 180607.063	 167128.797	 195323.906	     -0.530	     -0.378	     -0.304	
 2010/01/21	  27.720	  28.760	  27.680	  28.310	       20130739	     28.306	     28.575	     29.284	     30.072	 201307.406	 170520.000	 195859.594	     -0.528	     -0.408	     -0.240	
 2010/01/22	  27.810	  28.830	  27.600	  28.390	       28816307	     28.218	     28.492	     29.237	     30.061	 288163.094	 197882.594	 212708.406	     -0.514	     -0.429	     -0.169	
 2010/01/25	  28.180	  28.840	  28.000	  28.360	       18873616	     28.228	     28.436	     29.198	     30.048	 188736.156	 198505.406	 199976.906	     -0.500	     -0.443	     -0.112	
 2010/01/26	  28.400	  28.570	  27.500	  27.670	       15943974	     28.084	     28.262	     29.092	     30.008	 159439.734	 203650.594	 195605.406	     -0.537	     -0.462	     -0.151	
 2010/01/27	  27.650	  27.700	  26.840	  26.950	       17094748	     27.936	     28.148	     28.950	     29.950	 170947.484	 201718.797	 184423.797	     -0.619	     -0.493	     -0.250	
 2010/01/28	  26.900	  27.090	  26.500	  26.620	       12188497	     27.598	     27.952	     28.736	     29.885	 121884.969	 185834.406	 178177.203	     -0.701	     -0.535	     -0.333	
 2010/01/29	  26.410	  26.930	  26.180	  26.350	       12947096	     27.190	     27.704	     28.504	     29.816	 129470.961	 154096.000	 175989.297	     -0.780	     -0.584	     -0.392	
 2010/02/01	  26.400	  26.480	  25.800	  26.250	       15267603	     26.768	     27.498	     28.300	     29.746	 152676.031	 146883.797	 172694.594	     -0.840	     -0.635	     -0.410	
 2010/02/02	  26.380	  26.850	  25.970	  25.990	       10993672	     26.432	     27.258	     28.063	     29.668	 109936.719	 136983.203	 170316.906	     -0.899	     -0.688	     -0.422	
 2010/02/03	  26.120	  27.010	  25.880	  26.820	       14086526	     26.406	     27.171	     27.917	     29.603	 140865.266	 130966.797	 166342.797	     -0.868	     -0.724	     -0.289	
 2010/02/04	  26.680	  26.980	  26.550	  26.720	        8876200	     26.426	     27.012	     27.794	     29.533	  88762.000	 124342.203	 155088.297	     -0.842	     -0.748	     -0.190	
 2010/02/05	  26.100	  26.400	  25.960	  26.110	       12501352	     26.378	     26.784	     27.638	     29.459	 125013.523	 123450.797	 138773.406	     -0.861	     -0.770	     -0.182	
 2010/02/08	  26.010	  26.270	  25.860	  26.010	        5326264	     26.330	     26.549	     27.493	     29.389	  53262.641	 103568.000	 125225.898	     -0.874	     -0.791	     -0.166	
 2010/02/09	  26.010	  26.350	  25.950	  26.190	        6437574	     26.370	     26.401	     27.332	     29.306	  64375.738	  94456.000	 115719.602	     -0.860	     -0.805	     -0.110	
 2010/02/10	  26.320	  26.810	  26.320	  26.700	       12691071	     26.346	     26.376	     27.262	     29.231	 126910.711	  91664.797	 111315.797	     -0.798	     -0.804	      0.011	
 2010/02/11	  26.750	  26.970	  26.610	  26.730	        7094999	     26.348	     26.387	     27.170	     29.160	  70949.992	  88102.398	 106222.297	     -0.739	     -0.791	      0.104	
 2010/02/12	  26.990	  27.430	  26.830	  27.390	        7944960	     26.604	     26.491	     27.098	     29.103	  79449.602	  78989.602	 101220.203	     -0.631	     -0.759	      0.256	
 2010/02/22	  27.100	  27.300	  26.910	  27.000	        7201260	     26.802	     26.566	     27.032	     29.031	  72012.602	  82739.602	  93153.797	     -0.570	     -0.721	      0.302	
 2010/02/23	  26.900	  26.900	  25.300	  26.130	       34021309	     26.790	     26.580	     26.919	     28.940	 340213.094	 137907.203	 116181.602	     -0.585	     -0.694	      0.217	
 2010/02/24	  25.840	  26.450	  25.680	  26.380	       11529957	     26.726	     26.536	     26.854	     28.874	 115299.570	 135585.203	 113625.000	     -0.571	     -0.669	      0.197	
 2010/02/25	  26.320	  26.660	  26.200	  26.470	       12300793	     26.674	     26.511	     26.762	     28.799	 123007.930	 145996.797	 117049.602	     -0.546	     -0.645	      0.197	
 2010/02/26	  26.400	  26.590	  26.200	  26.280	        7933085	     26.452	     26.528	     26.656	     28.734	  79330.852	 145972.797	 112481.203	     -0.535	     -0.623	      0.175	
 2010/03/01	  26.440	  27.390	  26.390	  27.200	       16522279	     26.492	     26.647	     26.598	     28.707	 165222.797	 164614.797	 123677.203	     -0.447	     -0.588	      0.281	
 2010/03/02	  27.100	  27.280	  26.800	  27.010	        6518620	     26.668	     26.729	     26.565	     28.659	  65186.199	 109609.203	 123758.203	     -0.388	     -0.548	      0.319	
 2010/03/03	  27.010	  27.150	  26.730	  26.970	        7083637	     26.786	     26.756	     26.566	     28.608	  70836.367	 100716.797	 118151.000	     -0.341	     -0.506	      0.331	
 2010/03/04	  27.000	  27.090	  26.180	  26.320	        7369721	     26.756	     26.715	     26.551	     28.536	  73697.211	  90854.398	 118425.602	     -0.352	     -0.476	      0.247	
 2010/03/05	  26.390	  26.650	  26.230	  26.320	        5243973	     26.764	     26.608	     26.550	     28.465	  52439.730	  85476.398	 115724.602	     -0.357	     -0.452	      0.190	
 2010/03/08	  26.380	  26.600	  26.300	  26.500	        4527233	     26.624	     26.558	     26.562	     28.366	  45272.328	  61486.398	 113050.602	     -0.342	     -0.430	      0.176	
 2010/03/09	  27.010	  27.600	  26.710	  27.390	       20186117	     26.700	     26.684	     26.632	     28.281	 201861.156	  88821.602	  99215.398	     -0.255	     -0.395	      0.279	
 2010/03/10	  27.360	  27.650	  27.080	  27.410	       11021856	     26.788	     26.787	     26.661	     28.205	 110218.563	  96697.602	  98707.203	     -0.183	     -0.352	      0.339	
 2010/03/11	  27.340	  27.650	  27.140	  27.460	        7629431	     27.016	     26.886	     26.699	     28.144	  76294.313	  97217.203	  94035.797	     -0.120	     -0.306	      0.372	
 2010/03/12	  27.440	  27.580	  27.100	  27.110	        7076336	     27.174	     26.969	     26.748	     28.078	  70763.359	 100882.000	  93179.203	     -0.098	     -0.264	      0.333	
 2010/03/15	  27.080	  27.280	  26.460	  26.740	        4656855	     27.222	     26.923	     26.785	     28.004	  46568.551	 101141.203	  81313.797	     -0.108	     -0.233	      0.250	
 2010/03/16	  26.700	  26.960	  26.520	  26.930	        5001715	     27.130	     26.915	     26.822	     27.927	  50017.148	  70772.398	  79797.000	     -0.100	     -0.207	      0.213	
 2010/03/17	  26.970	  27.850	  26.830	  27.710	       11052925	     27.190	     26.989	     26.873	     27.881	 110529.250	  70834.398	  83766.000	     -0.031	     -0.171	      0.281	
 2010/03/18	  27.560	  27.740	  27.370	  27.450	        6951524	     27.188	     27.102	     26.909	     27.835	  69515.242	  69478.797	  83348.000	      0.004	     -0.136	      0.280	
 2010/03/19	  27.450	  27.800	  27.350	  27.640	        5558983	     27.294	     27.234	     26.921	     27.803	  55589.828	  66444.000	  83663.000	      0.045	     -0.100	      0.291	
 2010/03/22	  27.640	  27.850	  27.280	  27.380	        8058945	     27.422	     27.322	     26.940	     27.780	  80589.453	  73248.398	  87194.797	      0.057	     -0.069	      0.251	
 2010/03/23	  27.490	  27.570	  27.110	  27.170	        5446177	     27.470	     27.300	     26.992	     27.751	  54461.770	  74137.203	  72454.797	      0.049	     -0.045	      0.188	
 2010/03/24	  27.200	  27.600	  26.850	  27.030	        6728040	     27.334	     27.262	     27.024	     27.728	  67280.398	  65487.602	  68161.000	      0.030	     -0.030	      0.121	
 2010/03/25	  26.910	  26.920	  26.450	  26.700	        8012218	     27.184	     27.186	     27.036	     27.694	  80122.180	  67608.797	  68543.797	     -0.011	     -0.026	      0.031	
 2010/03/26	  26.650	  27.280	  26.490	  26.900	        9098580	     27.036	     27.165	     27.067	     27.653	  90985.797	  74688.000	  70566.000	     -0.027	     -0.026	     -0.001	
 2010/03/29	  27.170	  28.000	  27.060	  27.940	       19848124	     27.148	     27.285	     27.104	     27.634	 198481.234	  98266.000	  85757.203	      0.044	     -0.012	      0.113	
 2010/03/30	  27.840	  28.100	  27.710	  28.030	       10090033	     27.320	     27.395	     27.155	     27.604	 100900.328	 107554.000	  90845.602	      0.106	      0.011	      0.189	
 2010/03/31	  27.940	  28.190	  27.610	  27.780	        8441077	     27.470	     27.402	     27.196	     27.570	  84410.773	 110980.000	  88233.797	      0.134	      0.036	      0.195	
 2010/04/01	  27.820	  28.300	  27.780	  28.200	        9919887	     27.770	     27.477	     27.290	     27.526	  99198.867	 114795.203	  91202.000	      0.187	      0.066	      0.242	
 2010/04/02	  28.200	  28.380	  28.080	  28.260	        8991179	     28.042	     27.539	     27.386	     27.480	  89911.789	 114580.398	  94634.203	      0.232	      0.099	      0.265	
 2010/04/06	  28.410	  28.480	  27.880	  28.030	        6285373	     28.060	     27.604	     27.463	     27.442	  62853.730	  87455.203	  92860.602	      0.246	      0.129	      0.234	
 2010/04/07	  28.000	  28.390	  27.900	  28.300	        8839273	     28.114	     27.717	     27.508	     27.401	  88392.727	  84953.602	  96253.797	      0.275	      0.158	      0.235	
 2010/04/08	  28.300	  28.300	  27.310	  27.620	       10676862	     28.082	     27.776	     27.519	     27.366	 106768.617	  89425.203	 100202.602	      0.241	      0.175	      0.133	
 2010/04/09	  27.680	  28.100	  27.350	  27.940	       10961350	     28.030	     27.900	     27.543	     27.345	 109613.500	  91508.398	 103151.797	      0.237	      0.187	      0.100	
 2010/04/12	  27.940	  28.300	  27.060	  27.400	       15589689	     27.858	     27.950	     27.558	     27.315	 155896.891	 104705.203	 109642.797	      0.188	      0.187	      0.002	
 2010/04/13	  27.400	  29.000	  27.400	  28.580	       32601477	     27.968	     28.014	     27.649	     27.309	 326014.750	 157337.203	 122396.203	      0.242	      0.198	      0.087	
 2010/04/14	  28.480	  28.670	  28.120	  28.430	       12419117	     27.994	     28.054	     27.725	     27.293	 124191.172	 164496.797	 124725.203	      0.269	      0.212	      0.114	
 2010/04/15	  28.420	  28.620	  28.130	  28.480	       12385847	     28.166	     28.124	     27.763	     27.299	 123858.469	 167914.797	 128670.000	      0.292	      0.228	      0.127	
 2010/04/16	  28.380	  28.600	  28.000	  28.040	        9925284	     28.186	     28.108	     27.792	     27.290	  99252.844	 165842.797	 128675.602	      0.271	      0.237	      0.068	
 2010/04/19	  27.410	  27.830	  26.700	  26.780	       13846080	     28.062	     27.960	     27.750	     27.256	 138460.797	 162355.594	 133530.406	      0.151	      0.220	     -0.138	
 2010/04/20	  26.830	  27.070	  26.200	  26.900	       17423895	     27.726	     27.847	     27.726	     27.233	 174238.953	 132000.797	 144669.000	      0.065	      0.189	     -0.248	
 2010/04/21	  26.700	  27.330	  26.570	  27.160	       15740486	     27.472	     27.733	     27.725	     27.212	 157404.859	 138643.203	 151570.000	      0.017	      0.154	     -0.274	
 2010/04/22	  26.950	  26.950	  25.910	  26.460	       16240548	     27.068	     27.617	     27.696	     27.192	 162405.484	 146352.797	 157133.797	     -0.076	      0.108	     -0.369	
 2010/04/23	  26.380	  26.790	  26.120	  26.430	       11330530	     26.746	     27.466	     27.683	     27.160	 113305.297	 149162.797	 157502.797	     -0.151	      0.056	     -0.414	
 2010/04/26	  26.490	  26.600	  25.880	  26.030	       12121173	     26.596	     27.329	     27.639	     27.121	 121211.727	 145713.203	 154034.406	     -0.239	     -0.003	     -0.473	
 2010/04/27	  26.000	  26.080	  25.060	  25.730	       17149615	     26.362	     27.044	     27.529	     27.077	 171496.156	 145164.406	 138582.594	     -0.330	     -0.068	     -0.524	
 2010/04/28	  25.320	  25.710	  25.180	  25.400	        8047948	     26.010	     26.741	     27.397	     27.039	  80479.477	 129779.602	 134211.406	     -0.424	     -0.139	     -0.569	
 2010/04/29	  25.680	  25.850	  25.300	  25.440	        9980132	     25.806	     26.437	     27.280	     27.014	  99801.320	 117258.797	 131805.797	     -0.489	     -0.209	     -0.559	
 2010/04/30	  25.500	  26.100	  25.210	  25.870	       10591471	     25.694	     26.220	     27.164	     27.002	 105914.711	 115780.797	 132471.797	     -0.500	     -0.267	     -0.466	
 2010/05/04	  25.500	  26.060	  25.450	  25.540	       10542609	     25.596	     26.096	     27.028	     26.988	 105426.094	 112623.602	 129168.398	     -0.530	     -0.320	     -0.420	
 2010/05/05	  25.290	  25.450	  24.180	  25.320	       20392083	     25.514	     25.938	     26.892	     26.973	 203920.844	 119108.797	 132136.594	     -0.564	     -0.369	     -0.391	
 2010/05/06	  25.060	  25.270	  24.110	  24.210	       12586721	     25.276	     25.643	     26.688	     26.943	 125867.211	 128186.000	 128982.797	     -0.673	     -0.430	     -0.488	
 2010/05/07	  23.780	  24.560	  23.530	  24.100	       15753351	     25.008	     25.407	     26.512	     26.898	 157533.516	 139732.406	 128495.602	     -0.760	     -0.496	     -0.529	
 2010/05/10	  24.170	  24.850	  24.080	  24.600	       14725431	     24.754	     25.224	     26.345	     26.862	 147254.313	 148000.406	 131890.594	     -0.780	     -0.553	     -0.454	
 2010/05/11	  25.010	  25.150	  22.960	  23.620	       28990958	     24.370	     24.983	     26.156	     26.821	 289909.594	 184897.203	 148760.406	     -0.864	     -0.615	     -0.498	
 2010/05/12	  23.320	  24.280	  23.300	  24.170	       26277830	     24.140	     24.827	     25.935	     26.790	 262778.313	 196668.406	 157888.594	     -0.876	     -0.667	     -0.419	
 2010/05/13	  24.220	  25.220	  24.180	  24.910	       22489591	     24.280	     24.778	     25.759	     26.769	 224895.922	 216474.406	 172330.203	     -0.817	     -0.697	     -0.240	
 2010/05/14	  24.560	  24.940	  24.500	  24.680	        7747420	     24.396	     24.702	     25.569	     26.735	  77474.203	 200462.406	 170097.406	     -0.780	     -0.714	     -0.132	
 2010/05/17	  24.300	  24.400	  23.080	  23.270	       17938312	     24.130	     24.442	     25.331	     26.677	 179383.125	 206888.406	 177444.406	     -0.854	     -0.742	     -0.225	
 2010/05/18	  23.340	  23.980	  23.100	  23.940	       15514909	     24.194	     24.282	     25.189	     26.620	 155149.094	 179936.000	 182416.594	     -0.849	     -0.763	     -0.172	
 2010/05/19	  23.560	  24.300	  23.400	  24.000	       10586151	     24.160	     24.150	     25.044	     26.570	 105861.508	 148552.797	 172610.594	     -0.831	     -0.777	     -0.108	
 2010/05/20	  23.800	  24.200	  23.150	  23.300	       13059981	     23.838	     24.059	     24.851	     26.523	 130599.813	 129693.602	 173084.000	     -0.863	     -0.794	     -0.138	
 2010/05/21	  22.800	  23.380	  22.700	  23.320	        9369449	     23.566	     23.981	     24.694	     26.472	  93694.492	 132937.594	 166700.000	     -0.876	     -0.810	     -0.132	
 2010/05/24	  23.540	  24.240	  23.480	  24.120	       13435059	     23.736	     23.933	     24.579	     26.433	 134350.594	 123930.797	 165409.594	     -0.813	     -0.811	     -0.005	
 2010/05/25	  23.990	  23.990	  22.800	  23.290	       14085264	     23.606	     23.900	     24.442	     26.383	 140852.641	 121072.000	 150504.000	     -0.821	     -0.813	     -0.016	
 2010/05/26	  23.480	  23.780	  23.320	  23.440	        8860277	     23.494	     23.827	     24.327	     26.320	  88602.773	 117620.000	 133086.406	     -0.805	     -0.811	      0.012	
 2010/05/27	  23.320	  24.100	  23.000	  23.930	       10827693	     23.620	     23.729	     24.253	     26.269	 108276.930	 113155.602	 121424.602	     -0.745	     -0.798	      0.106	
 2010/05/28	  24.200	  24.300	  23.800	  24.030	        8355919	     23.762	     23.664	     24.183	     26.220	  83559.188	 111128.398	 122033.000	     -0.681	     -0.775	      0.187	
 2010/05/31	  23.800	  24.100	  23.300	  23.410	        8478030	     23.620	     23.678	     24.060	     26.171	  84780.297	 101214.398	 112572.602	     -0.673	     -0.754	      0.163	
 2010/06/01	  23.310	  23.750	  23.250	  23.630	        8151996	     23.688	     23.647	     23.965	     26.126	  81519.961	  89347.602	 105209.797	     -0.641	     -0.732	      0.181	
 2010/06/02	  23.510	  23.690	  23.210	  23.450	        7774869	     23.690	     23.592	     23.871	     26.075	  77748.688	  87177.203	 102398.602	     -0.623	     -0.710	      0.173	
 2010/06/03	  23.610	  24.100	  23.400	  23.680	        9862824	     23.640	     23.630	     23.845	     26.014	  98628.242	  85247.203	  99201.398	     -0.584	     -0.685	      0.202	
 2010/06/07	  23.300	  23.400	  22.850	  23.120	        7263093	     23.458	     23.610	     23.796	     25.942	  72630.930	  83061.602	  97095.000	     -0.591	     -0.666	      0.150	
 2010/06/08	  23.140	  23.280	  22.610	  22.680	        8091953	     23.312	     23.466	     23.699	     25.862	  80919.531	  82289.602	  91752.000	     -0.625	     -0.658	      0.066	
 2010/06/09	  22.800	  23.980	  22.120	  23.590	       25331868	     23.304	     23.496	     23.698	     25.804	 253318.688	 116649.203	 102998.398	     -0.572	     -0.641	      0.137	
 2010/06/10	  23.000	  23.250	  22.910	  23.110	        8932074	     23.236	     23.463	     23.645	     25.743	  89320.742	 118963.602	 103070.398	     -0.562	     -0.625	      0.126	
 2010/06/11	  23.300	  23.510	  23.200	  23.240	       10903429	     23.148	     23.394	     23.561	     25.682	 109034.289	 121044.797	 103146.000	     -0.538	     -0.608	      0.140	
 2010/06/17	  23.490	  23.550	  23.150	  23.240	        7027105	     23.172	     23.315	     23.490	     25.607	  70271.047	 120572.797	 101817.203	     -0.512	     -0.589	      0.152	
 2010/06/18	  23.230	  23.610	  23.180	  23.300	        8755102	     23.296	     23.304	     23.491	     25.538	  87551.023	 121899.203	 102094.398	     -0.482	     -0.567	      0.171	
 2010/06/21	  23.400	  24.700	  23.370	  24.510	       23049432	     23.480	     23.392	     23.520	     25.486	 230494.313	 117334.398	 116991.797	     -0.356	     -0.525	      0.338	
 2010/06/22	  24.300	  24.660	  24.200	  24.560	        9470556	     23.770	     23.503	     23.548	     25.439	  94705.563	 118411.203	 118687.398	     -0.249	     -0.470	      0.441	
 2010/06/23	  24.550	  24.830	  24.100	  24.590	        9234136	     24.040	     23.594	     23.612	     25.396	  92341.359	 115072.398	 118058.602	     -0.161	     -0.408	      0.495	
 2010/06/24	  24.750	  25.180	  24.510	  24.860	        7941688	     24.364	     23.768	     23.689	     25.360	  79416.883	 116902.000	 118737.398	     -0.068	     -0.340	      0.545	
 2010/06/25	  24.700	  25.660	  24.630	  25.100	       13388811	     24.724	     24.010	     23.738	     25.333	 133888.109	 126169.203	 124034.203	      0.025	     -0.267	      0.584	
 2010/06/28	  25.010	  25.520	  24.740	  25.220	        9205032	     24.866	     24.173	     23.834	     25.305	  92050.320	  98480.398	 107907.398	      0.107	     -0.192	      0.598	
 2010/06/29	  25.180	  25.340	  24.050	  24.170	       10067650	     24.788	     24.279	     23.871	     25.242	 100676.500	  99674.398	 109042.797	      0.086	     -0.137	      0.445	
 2010/06/30	  24.010	  25.000	  23.920	  24.700	       10397298	     24.810	     24.425	     23.910	     25.187	 103972.977	 102001.203	 108536.797	      0.111	     -0.087	      0.396	
 2010/07/01	  24.600	  24.960	  24.160	  24.700	        9982585	     24.778	     24.571	     23.943	     25.135	  99825.852	 106082.797	 111492.398	      0.130	     -0.044	      0.346	
 2010/07/02	  24.600	  25.360	  24.500	  25.330	       14955600	     24.824	     24.774	     24.039	     25.088	 149556.000	 109216.398	 117692.797	      0.193	      0.004	      0.378	
 2010/07/05	  25.000	  25.350	  24.530	  25.090	        9908140	     24.798	     24.832	     24.112	     25.035	  99081.398	 110622.398	 104551.398	      0.221	      0.047	      0.348	
 2010/07/06	  25.010	  25.370	  24.860	  25.270	        9707305	     25.018	     24.903	     24.203	     24.989	  97073.047	 109902.000	 104788.203	      0.255	      0.089	      0.332	
 2010/07/07	  25.170	  25.310	  24.880	  25.230	       11675904	     25.124	     24.967	     24.280	     24.938	 116759.039	 112459.203	 107230.203	      0.275	      0.126	      0.299	
 2010/07/08	  25.250	  25.290	  24.960	  24.990	        8309041	     25.182	     24.980	     24.374	     24.894	  83090.406	 109112.000	 107597.398	      0.269	      0.155	      0.229	
 2010/07/09	  24.990	  25.550	  24.280	  24.660	       35766712	     25.048	     24.936	     24.473	     24.839	 357667.125	 150734.000	 129975.203	      0.235	      0.171	      0.128	
 2010/07/12	  24.000	  24.000	  22.680	  23.550	      101617062	     24.740	     24.769	     24.471	     24.775	1016170.625	 334152.406	 222387.406	      0.117	      0.160	     -0.086	
 2010/07/13	  23.050	  23.180	  22.810	  23.040	       56570580	     24.294	     24.656	     24.468	     24.683	 565705.813	 427878.813	 268890.406	     -0.018	      0.124	     -0.284	
 2010/07/14	  23.110	  23.280	  22.600	  22.830	       52407187	     23.814	     24.469	     24.447	     24.589	 524071.875	 509340.813	 310900.000	     -0.140	      0.071	     -0.423	
 2010/07/15	  22.650	  23.020	  22.260	  22.360	       33669279	     23.288	     24.235	     24.403	     24.487	 336692.813	 560061.625	 334586.813	     -0.271	      0.003	     -0.548	
 2010/07/16	  22.270	  22.360	  22.030	  22.320	       21198222	     22.820	     23.934	     24.354	     24.392	 211982.219	 530924.813	 340829.406	     -0.374	     -0.073	     -0.604	
 2010/07/19	  22.100	  22.990	  22.060	  22.940	       33646603	     22.698	     23.719	     24.276	     24.328	 336466.031	 394983.594	 364568.000	     -0.401	     -0.138	     -0.526	
 2010/07/20	  22.900	  23.400	  22.830	  23.210	       30669880	     22.732	     23.513	     24.208	     24.267	 306698.813	 343182.000	 385530.406	     -0.397	     -0.190	     -0.413	
 2010/07/21	  23.250	  23.250	  23.000	  23.050	       22968163	     22.776	     23.295	     24.131	     24.198	 229681.641	 284304.406	 396822.594	     -0.401	     -0.232	     -0.337	
 2010/07/22	  22.950	  23.540	  22.920	  23.480	       29763762	     23.000	     23.144	     24.062	     24.148	 297637.625	 276493.188	 418277.406	     -0.366	     -0.259	     -0.213	
 2010/07/23	  23.490	  23.690	  23.300	  23.460	       22589287	     23.228	     23.024	     23.980	     24.099	 225892.875	 279275.188	 405100.000	     -0.335	     -0.274	     -0.122	
 2010/07/26	  23.500	  23.560	  23.130	  23.410	       18229757	     23.322	     23.010	     23.890	     24.055	 182297.563	 248441.594	 321712.594	     -0.312	     -0.282	     -0.060	
 2010/07/27	  23.330	  23.650	  23.210	  23.430	       15896972	     23.366	     23.049	     23.853	     24.017	 158969.719	 218896.000	 281039.000	     -0.288	     -0.283	     -0.010	
 2010/07/28	  23.450	  24.040	  23.280	  23.950	       27473603	     23.546	     23.161	     23.815	     23.993	 274736.031	 227906.797	 256105.594	     -0.225	     -0.271	      0.093	
 2010/07/29	  23.960	  24.240	  23.780	  23.950	       29022970	     23.640	     23.320	     23.778	     23.968	 290229.688	 226425.203	 251459.203	     -0.173	     -0.251	      0.158	
 2010/07/30	  24.010	  24.070	  23.690	  23.910	       14230385	     23.730	     23.479	     23.706	     23.935	 142303.844	 209707.203	 244491.203	     -0.133	     -0.228	      0.190	
 2010/08/02	  23.940	  24.340	  23.880	  24.230	       17174223	     23.894	     23.608	     23.664	     23.913	 171742.234	 207596.406	 228019.000	     -0.075	     -0.197	      0.245	
 2010/08/03	  24.360	  24.430	  23.800	  23.820	       22039907	     23.972	     23.669	     23.591	     23.888	 220399.078	 219882.406	 219389.203	     -0.061	     -0.170	      0.218	
 2010/08/04	  23.810	  24.000	  23.530	  23.840	       15831825	     23.950	     23.748	     23.522	     23.882	 158318.250	 196598.406	 212252.594	     -0.048	     -0.146	      0.195	
 2010/08/05	  23.860	  23.950	  23.560	  23.750	       21563822	     23.910	     23.775	     23.459	     23.876	 215638.219	 181680.406	 204052.797	     -0.045	     -0.125	      0.162	
 2010/08/06	  23.760	  24.030	  23.550	  24.010	       25627147	     23.930	     23.830	     23.427	     23.867	 256271.484	 204474.406	 207090.797	     -0.021	     -0.104	      0.168	
 2010/08/09	  23.900	  24.140	  23.730	  23.940	       21511574	     23.872	     23.883	     23.447	     23.872	 215115.734	 213148.797	 210372.594	     -0.007	     -0.085	      0.156	
 2010/08/10	  24.010	  24.130	  23.400	  23.460	       21649104	     23.800	     23.886	     23.468	     23.860	 216491.047	 212366.406	 216124.406	     -0.035	     -0.075	      0.080	
 2010/08/11	  23.370	  23.600	  23.200	  23.500	       12506689	     23.732	     23.841	     23.501	     23.837	 125066.891	 205716.797	 201157.594	     -0.053	     -0.071	      0.035	
 2010/08/12	  23.250	  23.530	  23.160	  23.180	        9044839	     23.618	     23.764	     23.542	     23.812	  90448.391	 180678.406	 181179.406	     -0.092	     -0.075	     -0.034	
 2010/08/13	  23.190	  23.400	  22.980	  23.290	       10901319	     23.474	     23.702	     23.591	     23.812	 109013.188	 151227.203	 177850.797	     -0.113	     -0.082	     -0.061	
 2010/08/16	  23.250	  24.050	  23.080	  23.850	       22854727	     23.456	     23.664	     23.636	     23.810	 228547.281	 153912.797	 183530.797	     -0.083	     -0.083	     -0.001	
 2010/08/17	  23.770	  24.230	  23.760	  23.980	       22582284	     23.560	     23.680	     23.674	     23.810	 225822.844	 155780.000	 184073.203	     -0.049	     -0.076	      0.054	
 2010/08/18	  24.000	  24.220	  23.800	  23.860	       15717834	     23.632	     23.682	     23.715	     23.819	 157178.344	 162202.406	 183959.594	     -0.030	     -0.067	      0.072	
 2010/08/19	  23.840	  24.380	  23.810	  24.200	       21860357	     23.836	     23.727	     23.751	     23.834	 218603.563	 187833.594	 184256.000	      0.011	     -0.051	      0.125	
 2010/08/20	  24.030	  24.760	  23.980	  24.070	       30195850	     23.992	     23.733	     23.782	     23.833	 301958.500	 226421.594	 188824.406	      0.033	     -0.034	      0.135	
 2010/08/23	  23.900	  24.300	  23.850	  23.940	       11278174	     24.010	     23.733	     23.808	     23.844	 112781.742	 203269.594	 178591.203	      0.040	     -0.019	      0.118	
 2010/08/24	  23.930	  24.120	  23.600	  23.810	       13133253	     23.976	     23.768	     23.827	     23.850	 131332.531	 184371.203	 170075.594	      0.034	     -0.009	      0.086	
 2010/08/25	  23.730	  23.960	  23.240	  23.260	       11242500	     23.856	     23.744	     23.793	     23.839	 112425.000	 175420.000	 168811.203	     -0.015	     -0.010	     -0.009	
 2010/08/26	  23.310	  23.390	  22.370	  22.500	       41609237	     23.516	     23.676	     23.720	     23.814	 416092.375	 214917.594	 201375.594	     -0.113	     -0.031	     -0.165	
 2010/08/27	  22.500	  22.520	  22.220	  22.410	       23674844	     23.184	     23.588	     23.645	     23.797	 236748.438	 201876.000	 214148.797	     -0.196	     -0.064	     -0.265	
 2010/08/30	  22.470	  22.720	  22.460	  22.590	       25315256	     22.914	     23.462	     23.563	     23.780	 253152.563	 229949.594	 216609.594	     -0.245	     -0.100	     -0.290	
 2010/08/31	  22.540	  22.540	  22.240	  22.300	       19062623	     22.612	     23.294	     23.487	     23.760	 190626.234	 241808.797	 213090.000	     -0.303	     -0.141	     -0.325	
 2010/09/01	  22.330	  22.670	  22.240	  22.390	       20142734	     22.438	     23.147	     23.415	     23.739	 201427.344	 259609.594	 217514.797	     -0.338	     -0.180	     -0.316	
 2010/09/02	  22.790	  22.790	  22.370	  22.410	       22260956	     22.420	     22.968	     23.348	     23.727	 222609.563	 220912.797	 217915.203	     -0.360	     -0.216	     -0.288	
 2010/09/03	  22.420	  22.490	  22.120	  22.180	       27845804	     22.374	     22.779	     23.256	     23.719	 278458.031	 229255.203	 215565.594	     -0.392	     -0.251	     -0.281	
 2010/09/06	  22.380	  22.860	  22.280	  22.810	       35621362	     22.418	     22.666	     23.199	     23.706	 356213.594	 249867.203	 239908.406	     -0.362	     -0.273	     -0.177	
 2010/09/07	  22.870	  22.880	  22.400	  22.580	       25275586	     22.474	     22.543	     23.155	     23.697	 252755.859	 262292.813	 252050.797	     -0.353	     -0.289	     -0.127	
 2010/09/08	  22.480	  22.600	  22.200	  22.330	       21765720	     22.462	     22.450	     23.097	     23.682	 217657.203	 265538.406	 262574.000	     -0.361	     -0.304	     -0.115	
 2010/09/09	  22.350	  22.390	  22.130	  22.150	       18293496	     22.410	     22.415	     23.045	     23.664	 182934.953	 257604.000	 239258.406	     -0.378	     -0.319	     -0.119	
 2010/09/10	  22.170	  22.270	  22.020	  22.110	       16093839	     22.396	     22.385	     22.987	     23.644	 160938.391	 234100.000	 231677.594	     -0.390	     -0.333	     -0.115	
 2010/09/13	  22.180	  22.580	  22.030	  22.360	       20205944	     22.306	     22.362	     22.912	     23.608	 202059.438	 203269.594	 226568.406	     -0.376	     -0.342	     -0.068	
 2010/09/14	  22.510	  22.660	  22.100	  22.220	       30848591	     22.234	     22.354	     22.824	     23.569	 308485.906	 214415.203	 238354.000	     -0.371	     -0.347	     -0.047	
 2010/09/15	  22.150	  22.220	  21.330	  21.440	       32274567	     22.056	     22.259	     22.703	     23.516	 322745.688	 235432.797	 250485.594	     -0.425	     -0.363	     -0.124	
 2010/09/16	  21.410	  21.540	  21.000	  21.120	       19774576	     21.850	     22.130	     22.549	     23.454	 197745.766	 238395.203	 247999.594	     -0.488	     -0.388	     -0.201	
 2010/09/17	  21.210	  21.250	  21.000	  21.050	       10559800	     21.638	     22.017	     22.398	     23.387	 105598.000	 227326.406	 230713.203	     -0.538	     -0.418	     -0.240	
 2010/09/20	  21.080	  21.380	  20.960	  21.090	       11805288	     21.384	     21.845	     22.255	     23.318	 118052.883	 210525.594	 206897.594	     -0.567	     -0.448	     -0.239	
 2010/09/21	  21.220	  21.390	  21.090	  21.160	        8901660	     21.172	     21.703	     22.123	     23.268	  89016.602	 166632.000	 190523.594	     -0.579	     -0.474	     -0.209	
 2010/09/27	  21.240	  21.270	  21.100	  21.240	       11566703	     21.132	     21.594	     22.022	     23.210	 115667.031	 125216.000	 180324.406	     -0.574	     -0.494	     -0.160	
 2010/09/28	  21.260	  21.260	  20.870	  20.910	       12368634	     21.090	     21.470	     21.943	     23.147	 123686.344	 110404.000	 174399.594	     -0.591	     -0.513	     -0.154	
 2010/09/29	  20.880	  21.150	  20.860	  20.900	        7936614	     21.060	     21.349	     21.867	     23.073	  79366.141	 105158.398	 166242.406	     -0.598	     -0.530	     -0.135	
 2010/09/30	  20.890	  21.570	  20.800	  21.530	       17722238	     21.148	     21.266	     21.814	     23.014	 177222.375	 116991.203	 163758.406	     -0.546	     -0.533	     -0.025	
 2010/10/08	  22.000	  22.580	  21.880	  22.440	       41759197	     21.404	     21.288	     21.821	     22.966	 417591.969	 182706.406	 174669.203	     -0.427	     -0.512	      0.171	
 2010/10/11	  22.500	  24.150	  22.500	  23.450	       58170462	     21.846	     21.489	     21.874	     22.937	 581704.625	 275914.406	 200565.203	     -0.248	     -0.459	      0.423	
 2010/10/12	  23.290	  23.600	  23.020	  23.280	       24727009	     22.320	     21.705	     21.918	     22.908	 247270.078	 300631.188	 205517.594	     -0.118	     -0.391	      0.545	
 2010/10/13	  23.370	  24.000	  23.220	  23.730	       29572697	     22.886	     21.973	     21.995	     22.893	 295726.969	 343903.188	 224530.797	      0.020	     -0.309	      0.658	
 2010/10/14	  23.980	  24.940	  23.980	  24.320	       70481371	     23.444	     22.296	     22.071	     22.906	 704813.688	 449421.594	 283206.406	      0.176	     -0.212	      0.775	
 2010/10/15	  24.100	  26.000	  24.060	  25.590	       72981892	     24.074	     22.739	     22.221	     22.948	 729818.875	 511867.188	 347286.813	      0.397	     -0.090	      0.974	
 2010/10/18	  26.150	  27.450	  25.960	  26.260	       82295064	     24.636	     23.241	     22.418	     23.005	 822950.625	 560116.000	 418015.188	      0.619	      0.052	      1.135	
 2010/10/19	  26.310	  26.780	  25.990	  26.670	       30957021	     25.314	     23.817	     22.644	     23.077	 309570.188	 572576.000	 436603.594	      0.819	      0.205	      1.227	
 2010/10/20	  26.600	  28.380	  26.600	  27.880	       70890276	     26.144	     24.515	     22.932	     23.170	 708902.750	 655211.188	 499557.188	      1.062	      0.377	      1.372	
 2010/10/21	  27.920	  28.390	  26.980	  27.810	       30429705	     26.842	     25.143	     23.204	     23.251	 304297.031	 575108.000	 512264.813	      1.236	      0.548	      1.374	
 2010/10/22	  27.650	  27.890	  27.010	  27.060	       20360800	     27.136	     25.605	     23.446	     23.315	 203608.000	 469865.594	 490866.406	      1.297	      0.698	      1.198	
 2010/10/25	  26.980	  27.800	  26.240	  27.500	       33161157	     27.384	     26.010	     23.749	     23.389	 331611.563	 371598.406	 465857.188	      1.366	      0.832	      1.069	
 2010/10/26	  27.580	  27.640	  26.590	  26.890	       24316850	     27.428	     26.371	     24.038	     23.446	 243168.500	 358317.594	 465446.813	      1.356	      0.937	      0.838	
 2010/10/27	  26.650	  27.180	  26.050	  26.130	       26648615	     27.078	     26.611	     24.292	     23.491	 266486.156	 269833.594	 462522.406	      1.272	      1.004	      0.536	
 2010/10/28	  26.010	  26.280	  25.590	  25.820	       22770927	     26.680	     26.761	     24.529	     23.531	 227709.281	 254516.797	 414812.406	      1.166	      1.036	      0.260	
 2010/10/29	  25.750	  25.880	  25.250	  25.350	       21435400	     26.338	     26.737	     24.738	     23.563	 214354.000	 256665.594	 363265.594	      1.033	      1.036	     -0.005	
 2010/11/01	  25.450	  26.420	  25.450	  26.300	       24781526	     26.098	     26.741	     24.991	     23.602	 247815.266	 239906.406	 305752.406	      0.993	      1.027	     -0.068	
 2010/11/02	  26.400	  26.450	  25.500	  25.700	       29397647	     25.860	     26.644	     25.231	     23.631	 293976.469	 250068.000	 304192.813	      0.902	      1.002	     -0.200	
 2010/11/03	  25.750	  26.150	  25.300	  25.630	       20445120	     25.760	     26.419	     25.467	     23.660	 204451.203	 237661.594	 253747.594	      0.815	      0.965	     -0.299	
 2010/11/04	  25.830	  26.500	  25.830	  26.140	       27326249	     25.824	     26.252	     25.698	     23.692	 273262.469	 246772.000	 250644.406	      0.778	      0.927	     -0.298	
 2010/11/05	  26.400	  27.150	  26.400	  26.840	       35049139	     26.122	     26.230	     25.918	     23.742	 350491.406	 273999.188	 265332.406	      0.796	      0.901	     -0.209	
 2010/11/08	  26.990	  27.000	  26.350	  26.840	       18733579	     26.230	     26.164	     26.087	     23.792	 187335.797	 261903.203	 250904.797	      0.802	      0.881	     -0.159	
 2010/11/09	  26.690	  26.690	  25.750	  25.960	       25324057	     26.282	     26.071	     26.221	     23.829	 253240.563	 253756.797	 251912.406	      0.726	      0.850	     -0.248	
 2010/11/10	  25.800	  25.890	  25.390	  25.480	       25634134	     26.252	     26.006	     26.308	     23.853	 256341.344	 264134.406	 250898.000	      0.621	      0.804	     -0.367	
 2010/11/11	  25.550	  26.220	  25.380	  25.670	       31139603	     26.158	     25.991	     26.376	     23.882	 311396.031	 271760.813	 259266.406	      0.546	      0.753	     -0.413	
 2010/11/12	  25.590	  25.960	  24.280	  24.310	       31605798	     25.652	     25.887	     26.312	     23.896	 316057.969	 264874.406	 269436.813	      0.373	      0.677	     -0.608	
 2010/11/15	  24.340	  24.480	  23.750	  24.180	       21266371	     25.120	     25.675	     26.208	     23.908	 212663.719	 269940.000	 265921.594	      0.223	      0.586	     -0.727	
 2010/11/16	  24.180	  24.180	  22.850	  22.910	       26872205	     24.510	     25.396	     26.020	     23.903	 268722.031	 273036.000	 263396.406	      0.001	      0.469	     -0.936	
 2010/11/17	  22.850	  23.300	  22.760	  23.030	       21404879	     24.020	     25.136	     25.777	     23.899	 214048.797	 264577.594	 264356.000	     -0.163	      0.343	     -1.011	
 2010/11/18	  23.200	  23.560	  23.070	  23.290	       15558975	     23.544	     24.851	     25.552	     23.889	 155589.750	 233416.000	 252588.406	     -0.269	      0.220	     -0.978	
 2010/11/19	  23.500	  23.500	  22.480	  23.250	       19898416	     23.332	     24.492	     25.361	     23.877	 198984.156	 210002.406	 237438.406	     -0.352	      0.106	     -0.916	
 2010/11/22	  23.000	  23.320	  22.800	  22.930	       18004792	     23.082	     24.101	     25.133	     23.862	 180047.922	 203478.406	 236709.203	     -0.439	     -0.003	     -0.871	
 2010/11/23	  22.730	  22.750	  22.250	  22.350	       20371660	     22.970	     23.740	     24.906	     23.831	 203716.594	 190477.594	 231756.797	     -0.548	     -0.112	     -0.872	
 2010/11/24	  22.310	  22.930	  22.300	  22.720	       16521933	     22.908	     23.464	     24.735	     23.808	 165219.328	 180711.203	 222644.406	     -0.598	     -0.209	     -0.777	
 2010/11/25	  22.900	  23.110	  22.550	  23.090	       14599252	     22.868	     23.206	     24.599	     23.794	 145992.516	 178792.797	 206104.406	     -0.600	     -0.287	     -0.626	
 2010/11/26	  22.980	  23.050	  22.650	  22.840	       12717022	     22.786	     23.059	     24.473	     23.778	 127170.219	 164428.797	 187215.594	     -0.615	     -0.353	     -0.525	
 2010/11/29	  22.790	  23.000	  22.760	  22.930	       11599664	     22.786	     22.934	     24.305	     23.773	 115996.641	 151619.203	 177548.797	     -0.613	     -0.405	     -0.416	
 2010/11/30	  22.750	  22.990	  21.920	  22.290	       23282429	     22.774	     22.872	     24.134	     23.769	 232824.281	 157440.000	 173958.797	     -0.655	     -0.455	     -0.401	
 2010/12/01	  22.240	  22.360	  21.980	  22.140	       10321866	     22.658	     22.783	     23.959	     23.765	 103218.656	 145040.797	 162876.000	     -0.693	     -0.503	     -0.381	
 2010/12/02	  22.570	  22.750	  22.330	  22.500	       12711862	     22.540	     22.704	     23.777	     23.763	 127118.617	 141265.594	 160029.203	     -0.686	     -0.539	     -0.293	
 2010/12/03	  22.580	  23.000	  22.480	  22.850	       15504835	     22.542	     22.664	     23.578	     23.772	 155048.344	 146841.594	 155635.203	     -0.645	     -0.560	     -0.168	
 2010/12/06	  22.860	  23.560	  22.650	  23.180	       20273091	     22.592	     22.689	     23.395	     23.785	 202730.922	 164188.797	 157904.000	     -0.579	     -0.564	     -0.029	
 2010/12/07	  22.980	  23.470	  22.850	  23.360	       14340722	     22.806	     22.790	     23.265	     23.801	 143407.219	 146304.797	 151872.406	     -0.506	     -0.552	      0.093	
 2010/12/08	  23.290	  23.550	  22.850	  22.890	       12719017	     22.956	     22.807	     23.136	     23.813	 127190.172	 151099.203	 148070.000	     -0.481	     -0.538	      0.115	
 2010/12/09	  22.840	  23.530	  22.780	  22.910	       15004655	     23.038	     22.789	     22.998	     23.815	 150046.547	 155684.797	 148475.203	     -0.454	     -0.521	      0.135	
 2010/12/10	  22.800	  23.350	  22.750	  23.340	       12634500	     23.136	     22.839	     22.949	     23.827	 126345.000	 149944.000	 148392.797	     -0.393	     -0.496	      0.205	
