2003/01/13 09:31 7.04 7.05 7.02 7.05 95.00 66814.00
2003/01/13 09:32 7.05 7.05 7.05 7.05 0.00 0.00
2003/01/13 09:33 7.05 7.05 7.05 7.05 7.00 4935.00
2003/01/13 09:34 7.08 7.08 7.08 7.08 31.00 21948.00
2003/01/13 09:35 7.08 7.08 7.08 7.08 0.00 0.00
2003/01/13 09:36 7.08 7.08 7.08 7.08 2.20 1557.60
2003/01/13 09:37 7.09 7.09 7.08 7.08 23.80 16852.40
2003/01/13 09:38 7.08 7.08 7.08 7.08 6.00 4248.00
2003/01/13 09:39 7.08 7.09 7.08 7.09 27.20 19277.61
2003/01/13 09:40 7.08 7.08 7.08 7.08 32.80 23222.41
2003/01/13 09:41 7.08 7.08 7.08 7.08 10.00 7080.00
2003/01/13 09:42 7.08 7.08 7.08 7.08 3.64 2577.13
2003/01/13 09:43 7.08 7.08 7.08 7.08 16.36 11582.88
2003/01/13 09:44 7.07 7.08 7.07 7.08 44.05 31146.34
2003/01/13 09:45 7.07 7.07 7.07 7.07 10.00 7070.00
2003/01/13 09:46 7.07 7.07 7.07 7.07 12.95 9155.66
2003/01/13 09:47 7.07 7.07 7.07 7.07 0.00 0.00
2003/01/13 09:48 7.07 7.07 7.07 7.07 9.05 6398.34
2003/01/13 09:49 7.08 7.08 7.08 7.08 18.00 12744.00
2003/01/13 09:50 7.07 7.07 7.07 7.07 22.95 16225.64
2003/01/13 09:51 7.07 7.07 7.06 7.06 79.00 55829.00
2003/01/13 09:52 7.06 7.06 7.06 7.06 18.00 12708.00
2003/01/13 09:53 7.06 7.06 7.06 7.06 4.00 2824.00
2003/01/13 09:54 7.05 7.05 7.05 7.05 27.00 19035.00
2003/01/13 09:55 7.05 7.05 7.05 7.05 5.00 3525.00
2003/01/13 09:56 7.06 7.06 7.05 7.05 146.00 102937.03
2003/01/13 09:57 7.05 7.05 7.05 7.05 15.00 10575.00
2003/01/13 09:58 7.05 7.05 7.05 7.05 93.02 65579.09
2003/01/13 09:59 7.04 7.04 7.04 7.04 25.86 18205.44
2003/01/13 10:00 7.05 7.05 7.04 7.04 45.82 32263.13
2003/01/13 10:01 7.06 7.06 7.06 7.06 3.00 2118.00
2003/01/13 10:02 7.06 7.06 7.06 7.06 0.00 0.00
2003/01/13 10:03 7.05 7.05 7.05 7.05 5.00 3525.00
2003/01/13 10:04 7.06 7.07 7.05 7.07 92.20 65087.00
2003/01/13 10:05 7.07 7.07 7.07 7.07 0.00 0.00
2003/01/13 10:06 7.07 7.07 7.07 7.07 58.46 41331.25
2003/01/13 10:07 7.08 7.08 7.08 7.08 5.00 3540.00
2003/01/13 10:08 7.08 7.08 7.08 7.08 10.40 7363.19
2003/01/13 10:09 7.08 7.08 7.08 7.08 11.00 7788.00
2003/01/13 10:10 7.09 7.09 7.09 7.09 4.00 2836.00
2003/01/13 10:11 7.09 7.09 7.09 7.09 39.60 28076.38
2003/01/13 10:12 7.09 7.09 7.09 7.09 49.32 34967.88
2003/01/13 10:13 7.09 7.09 7.09 7.09 35.00 24815.00
2003/01/13 10:14 7.09 7.09 7.09 7.09 40.00 28360.00
2003/01/13 10:15 7.09 7.09 7.09 7.09 10.00 7090.00
2003/01/13 10:16 7.09 7.09 7.09 7.09 0.00 0.00
2003/01/13 10:17 7.09 7.10 7.09 7.10 18.00 12772.00
2003/01/13 10:18 7.09 7.09 7.09 7.09 29.08 20617.75
2003/01/13 10:19 7.08 7.09 7.08 7.09 25.00 17710.00
2003/01/13 10:20 7.09 7.09 7.09 7.09 0.00 0.00
2003/01/13 10:21 7.09 7.09 7.09 7.09 0.00 0.00
2003/01/13 10:22 7.08 7.08 7.08 7.08 5.00 3540.00
2003/01/13 10:23 7.08 7.08 7.08 7.08 13.60 9628.81
2003/01/13 10:24 7.08 7.08 7.08 7.08 0.00 0.00
2003/01/13 10:25 7.06 7.06 7.06 7.06 18.00 12708.00
2003/01/13 10:26 7.06 7.06 7.06 7.06 0.00 0.00
2003/01/13 10:27 7.06 7.06 7.06 7.06 16.00 11296.00
2003/01/13 10:28 7.06 7.06 7.06 7.06 0.00 0.00
2003/01/13 10:29 7.06 7.06 7.06 7.06 0.00 0.00
2003/01/13 10:30 7.05 7.06 7.05 7.06 63.00 44468.00
2003/01/13 10:31 7.08 7.08 7.07 7.07 42.00 29726.00
2003/01/13 10:32 7.07 7.07 7.07 7.07 0.00 0.00
2003/01/13 10:33 7.08 7.08 7.08 7.08 3.00 2124.00
2003/01/13 10:34 7.09 7.09 7.09 7.09 79.92 56663.31
2003/01/13 10:35 7.09 7.09 7.09 7.09 3.00 2127.00
2003/01/13 10:36 7.09 7.09 7.09 7.09 49.08 34797.75
2003/01/13 10:37 7.08 7.08 7.08 7.08 20.00 14160.00
2003/01/13 10:38 7.08 7.08 7.08 7.08 10.00 7080.00
2003/01/13 10:39 7.07 7.07 7.07 7.07 41.34 29227.38
2003/01/13 10:40 7.06 7.06 7.06 7.06 12.00 8472.00
2003/01/13 10:41 7.06 7.06 7.06 7.06 30.00 21180.00
2003/01/13 10:42 7.06 7.06 7.06 7.06 0.00 0.00
2003/01/13 10:43 7.05 7.05 7.05 7.05 13.00 9165.00
2003/01/13 10:44 7.06 7.06 7.06 7.06 10.00 7060.00
2003/01/13 10:45 7.06 7.06 7.06 7.06 17.00 12002.00
2003/01/13 10:46 7.06 7.06 7.06 7.06 0.00 0.00
2003/01/13 10:47 7.07 7.07 7.07 7.07 10.00 7070.00
2003/01/13 10:48 7.07 7.08 7.07 7.08 30.89 21844.75
2003/01/13 10:49 7.07 7.08 7.07 7.08 15.00 10615.00
2003/01/13 10:50 7.08 7.08 7.08 7.08 0.00 0.00
2003/01/13 10:51 7.08 7.08 7.08 7.08 0.00 0.00
2003/01/13 10:52 7.08 7.08 7.08 7.08 10.00 7080.00
2003/01/13 10:53 7.07 7.07 7.07 7.07 16.11 11389.75
2003/01/13 10:54 7.07 7.07 7.07 7.07 0.00 0.00
2003/01/13 10:55 7.07 7.07 7.07 7.07 12.00 8484.00
2003/01/13 10:56 7.07 7.07 7.07 7.07 5.00 3535.00
2003/01/13 10:57 7.07 7.07 7.07 7.07 0.00 0.00
2003/01/13 10:58 7.07 7.07 7.07 7.07 28.69 20283.88
2003/01/13 10:59 7.07 7.09 7.07 7.09 90.00 63730.00
2003/01/13 11:00 7.09 7.09 7.09 7.09 0.00 0.00
2003/01/13 11:01 7.09 7.09 7.09 7.09 2.00 1418.00
2003/01/13 11:02 7.09 7.09 7.09 7.09 7.42 5260.75
2003/01/13 11:03 7.09 7.09 7.09 7.09 34.00 24106.00
2003/01/13 11:04 7.09 7.09 7.09 7.09 7.58 5374.25
2003/01/13 11:05 7.09 7.09 7.09 7.09 0.00 0.00
2003/01/13 11:06 7.09 7.09 7.09 7.09 0.00 0.00
2003/01/13 11:07 7.09 7.09 7.09 7.09 10.00 7090.00
2003/01/13 11:08 7.09 7.09 7.09 7.09 0.00 0.00
2003/01/13 11:09 7.09 7.09 7.09 7.09 0.00 0.00
2003/01/13 11:10 7.09 7.09 7.09 7.09 0.00 0.00
2003/01/13 11:11 7.07 7.07 7.07 7.07 1.00 707.00
2003/01/13 11:12 7.07 7.07 7.07 7.07 11.31 7996.13
2003/01/13 11:13 7.07 7.07 7.07 7.07 6.00 4242.00
2003/01/13 11:14 7.07 7.07 7.07 7.07 0.00 0.00
2003/01/13 11:15 7.06 7.06 7.06 7.06 35.00 24710.00
2003/01/13 11:16 7.06 7.06 7.06 7.06 9.00 6354.00
2003/01/13 11:17 7.06 7.06 7.06 7.06 0.00 0.00
2003/01/13 11:18 7.07 7.07 7.07 7.07 1.00 707.00
2003/01/13 11:19 7.07 7.07 7.07 7.07 0.00 0.00
2003/01/13 11:20 7.07 7.07 7.07 7.07 0.00 0.00
2003/01/13 11:21 7.07 7.07 7.07 7.07 0.00 0.00
2003/01/13 11:22 7.07 7.07 7.07 7.07 100.00 70700.00
2003/01/13 11:23 7.07 7.07 7.07 7.07 5.00 3535.00
2003/01/13 11:24 7.07 7.07 7.07 7.07 1.69 1194.88
2003/01/13 11:25 7.07 7.07 7.07 7.07 0.00 0.00
2003/01/13 11:26 7.07 7.07 7.07 7.07 0.00 0.00
2003/01/13 11:27 7.09 7.09 7.09 7.09 53.00 37577.00
2003/01/13 11:28 7.09 7.09 7.09 7.09 0.00 0.00
2003/01/13 11:29 7.08 7.08 7.08 7.08 3.00 2124.00
2003/01/13 11:30 7.08 7.09 7.08 7.09 31.00 21972.00
2003/01/13 11:31 7.10 7.10 7.07 7.07 165.31 117123.63
2003/01/13 13:02 7.07 7.07 7.07 7.07 64.00 45248.00
2003/01/13 13:03 7.07 7.07 7.07 7.07 24.45 17286.13
2003/01/13 13:04 7.07 7.07 7.07 7.07 0.00 0.00
2003/01/13 13:05 7.07 7.07 7.07 7.07 50.00 35350.00
2003/01/13 13:06 7.07 7.07 7.07 7.07 0.00 0.00
2003/01/13 13:07 7.07 7.08 7.07 7.08 12.00 8489.00
2003/01/13 13:08 7.10 7.10 7.10 7.10 28.00 19880.00
2003/01/13 13:09 7.10 7.10 7.10 7.10 5.00 3550.00
2003/01/13 13:10 7.10 7.10 7.10 7.10 0.00 0.00
2003/01/13 13:11 7.10 7.10 7.10 7.10 46.22 32816.25
2003/01/13 13:12 7.10 7.10 7.10 7.10 6.78 4813.75
2003/01/13 13:13 7.10 7.10 7.10 7.10 0.00 0.00
2003/01/13 13:14 7.09 7.10 7.09 7.10 6.22 4414.25
2003/01/13 13:15 7.11 7.12 7.10 7.12 26.32 18711.25
2003/01/13 13:16 7.12 7.12 7.12 7.12 0.00 0.00
2003/01/13 13:17 7.12 7.12 7.12 7.12 0.00 0.00
2003/01/13 13:18 7.11 7.11 7.11 7.11 3.00 2133.00
2003/01/13 13:19 7.11 7.11 7.11 7.11 0.00 0.00
2003/01/13 13:20 7.11 7.11 7.11 7.11 0.00 0.00
2003/01/13 13:21 7.11 7.11 7.11 7.11 18.00 12798.00
2003/01/13 13:22 7.10 7.10 7.10 7.10 1.00 710.00
2003/01/13 13:23 7.11 7.11 7.10 7.10 80.00 56850.00
2003/01/13 13:24 7.10 7.10 7.10 7.10 0.00 0.00
2003/01/13 13:25 7.10 7.10 7.10 7.10 28.00 19880.00
2003/01/13 13:26 7.09 7.09 7.09 7.09 28.80 20419.25
2003/01/13 13:27 7.09 7.09 7.09 7.09 0.00 0.00
2003/01/13 13:28 7.09 7.09 7.09 7.09 0.00 0.00
2003/01/13 13:29 7.09 7.09 7.09 7.09 0.00 0.00
2003/01/13 13:30 7.09 7.09 7.09 7.09 3.00 2127.00
2003/01/13 13:31 7.08 7.08 7.08 7.08 18.00 12744.00
2003/01/13 13:32 7.08 7.08 7.08 7.08 0.00 0.00
2003/01/13 13:33 7.08 7.08 7.08 7.08 0.00 0.00
2003/01/13 13:34 7.08 7.08 7.08 7.08 10.00 7080.00
2003/01/13 13:35 7.08 7.08 7.08 7.08 30.66 21707.25
2003/01/13 13:36 7.08 7.08 7.08 7.08 0.00 0.00
2003/01/13 13:37 7.07 7.07 7.07 7.07 10.00 7070.00
2003/01/13 13:38 7.08 7.08 7.08 7.08 10.00 7080.00
2003/01/13 13:39 7.07 7.07 7.07 7.07 29.00 20503.00
2003/01/13 13:40 7.06 7.07 7.06 7.07 31.00 21912.00
2003/01/13 13:41 7.07 7.07 7.07 7.07 0.00 0.00
2003/01/13 13:42 7.07 7.07 7.07 7.07 0.00 0.00
2003/01/13 13:43 7.07 7.07 7.07 7.07 0.00 0.00
2003/01/13 13:44 7.07 7.07 7.07 7.07 0.00 0.00
2003/01/13 13:45 7.07 7.07 7.07 7.07 15.00 10605.00
2003/01/13 13:46 7.07 7.07 7.07 7.07 12.00 8484.00
2003/01/13 13:47 7.07 7.07 7.07 7.07 0.00 0.00
2003/01/13 13:48 7.07 7.07 7.07 7.07 0.00 0.00
2003/01/13 13:49 7.08 7.08 7.07 7.07 30.00 21220.00
2003/01/13 13:50 7.08 7.08 7.07 7.07 5.00 3537.00
2003/01/13 13:51 7.07 7.07 7.07 7.07 5.00 3535.00
2003/01/13 13:52 7.06 7.07 7.06 7.07 5.40 3815.50
2003/01/13 13:53 7.07 7.10 7.07 7.10 54.00 38328.00
2003/01/13 13:54 7.10 7.10 7.10 7.10 0.00 0.00
2003/01/13 13:55 7.10 7.10 7.10 7.10 0.00 0.00
2003/01/13 13:56 7.10 7.10 7.10 7.10 3.00 2130.00
2003/01/13 13:57 7.10 7.10 7.10 7.10 0.00 0.00
2003/01/13 13:58 7.10 7.10 7.08 7.08 32.00 22716.00
2003/01/13 13:59 7.08 7.08 7.08 7.08 13.00 9204.00
2003/01/13 14:00 7.07 7.07 7.07 7.07 10.00 7070.00
2003/01/13 14:01 7.07 7.07 7.07 7.07 0.00 0.00
2003/01/13 14:02 7.07 7.07 7.07 7.07 5.00 3535.00
2003/01/13 14:03 7.06 7.06 7.06 7.06 50.00 35300.00
2003/01/13 14:04 7.08 7.08 7.08 7.08 10.00 7080.00
2003/01/13 14:05 7.07 7.07 7.07 7.07 7.00 4949.00
2003/01/13 14:06 7.07 7.07 7.07 7.07 0.00 0.00
2003/01/13 14:07 7.07 7.07 7.07 7.07 0.00 0.00
2003/01/13 14:08 7.07 7.07 7.07 7.07 2.00 1414.00
2003/01/13 14:09 7.07 7.07 7.07 7.07 16.00 11312.00
2003/01/13 14:10 7.07 7.07 7.07 7.07 0.00 0.00
2003/01/13 14:11 7.07 7.07 7.07 7.07 0.00 0.00
2003/01/13 14:12 7.07 7.07 7.07 7.07 0.00 0.00
2003/01/13 14:13 7.07 7.07 7.07 7.07 0.00 0.00
2003/01/13 14:14 7.07 7.07 7.07 7.07 2.00 1414.00
2003/01/13 14:15 7.07 7.07 7.07 7.07 4.00 2828.00
2003/01/13 14:16 7.07 7.07 7.07 7.07 0.00 0.00
2003/01/13 14:17 7.07 7.07 7.07 7.07 0.00 0.00
2003/01/13 14:18 7.07 7.07 7.07 7.07 5.00 3535.00
2003/01/13 14:19 7.06 7.06 7.06 7.06 26.60 18779.50
2003/01/13 14:20 7.07 7.07 7.05 7.05 68.00 48066.00
2003/01/13 14:21 7.06 7.06 7.06 7.06 4.00 2824.00
2003/01/13 14:22 7.06 7.06 7.06 7.06 1.00 706.00
2003/01/13 14:23 7.06 7.06 7.06 7.06 1.14 804.75
2003/01/13 14:24 7.06 7.06 7.06 7.06 0.00 0.00
2003/01/13 14:25 7.07 7.07 7.07 7.07 38.39 27141.75
2003/01/13 14:26 7.09 7.09 7.09 7.09 3.00 2127.00
2003/01/13 14:27 7.10 7.10 7.10 7.10 10.00 7100.00
2003/01/13 14:28 7.10 7.10 7.10 7.10 96.00 68160.00
2003/01/13 14:29 7.10 7.10 7.10 7.10 0.00 0.00
2003/01/13 14:30 7.10 7.11 7.10 7.11 20.00 14210.00
2003/01/13 14:31 7.10 7.10 7.10 7.10 10.00 7100.00
2003/01/13 14:32 7.10 7.10 7.10 7.10 0.00 0.00
2003/01/13 14:33 7.10 7.10 7.09 7.09 17.00 12055.00
2003/01/13 14:34 7.07 7.07 7.07 7.07 8.14 5755.00
2003/01/13 14:35 7.07 7.07 7.07 7.07 20.00 14140.00
2003/01/13 14:36 7.07 7.07 7.07 7.07 16.00 11312.00
2003/01/13 14:37 7.07 7.07 7.07 7.07 0.00 0.00
2003/01/13 14:38 7.07 7.07 7.06 7.06 84.47 59653.25
2003/01/13 14:39 7.06 7.06 7.06 7.06 0.00 0.00
2003/01/13 14:40 7.07 7.07 7.07 7.07 5.00 3535.00
2003/01/13 14:41 7.07 7.07 7.07 7.07 30.00 21210.00
2003/01/13 14:42 7.07 7.07 7.06 7.06 34.53 24382.75
2003/01/13 14:43 7.07 7.07 7.07 7.07 26.00 18382.00
2003/01/13 14:44 7.07 7.07 7.06 7.06 20.00 14124.00
2003/01/13 14:45 7.07 7.07 7.07 7.07 6.00 4242.00
2003/01/13 14:46 7.07 7.07 7.07 7.07 0.00 0.00
2003/01/13 14:47 7.07 7.07 7.07 7.07 0.00 0.00
2003/01/13 14:48 7.08 7.08 7.08 7.08 7.20 5097.50
2003/01/13 14:49 7.09 7.09 7.08 7.08 10.00 7085.00
2003/01/13 14:50 7.08 7.08 7.08 7.08 3.00 2124.00
2003/01/13 14:51 7.08 7.08 7.08 7.08 20.33 14393.75
2003/01/13 14:52 7.08 7.08 7.08 7.08 4.67 3306.25
2003/01/13 14:53 7.08 7.08 7.08 7.08 0.00 0.00
2003/01/13 14:54 7.08 7.08 7.07 7.07 8.00 5659.00
2003/01/13 14:55 7.07 7.07 7.07 7.07 20.00 14140.00
2003/01/13 14:56 7.07 7.07 7.07 7.07 14.00 9898.00
2003/01/13 14:57 7.06 7.06 7.06 7.06 18.00 12708.00
2003/01/13 14:58 7.07 7.07 7.06 7.06 40.00 28260.00
2003/01/13 14:59 7.07 7.07 7.06 7.06 39.00 27537.00
2003/01/13 15:00 7.07 7.07 7.07 7.07 5.00 3401.50
