2003/01/14 09:32 7.05 7.05 7.05 7.05 3.00 2115.00
2003/01/14 09:33 7.08 7.08 7.08 7.08 2.00 1416.00
2003/01/14 09:34 7.11 7.11 7.11 7.11 10.00 7110.00
2003/01/14 09:35 7.05 7.05 7.05 7.05 74.00 52170.00
2003/01/14 09:36 7.11 7.11 7.11 7.11 20.00 14220.00
2003/01/14 09:37 7.11 7.11 7.11 7.11 0.00 0.00
2003/01/14 09:38 7.11 7.11 7.11 7.11 2.00 1422.00
2003/01/14 09:39 7.11 7.11 7.11 7.11 0.00 0.00
2003/01/14 09:40 7.11 7.11 7.11 7.11 0.00 0.00
2003/01/14 09:41 7.11 7.11 7.11 7.11 0.00 0.00
2003/01/14 09:42 7.11 7.11 7.11 7.11 0.00 0.00
2003/01/14 09:43 7.11 7.11 7.11 7.11 0.00 0.00
2003/01/14 09:44 7.11 7.11 7.11 7.11 14.00 9954.00
2003/01/14 09:45 7.08 7.08 7.08 7.08 5.00 3540.00
2003/01/14 09:46 7.08 7.08 7.08 7.08 0.00 0.00
2003/01/14 09:47 7.08 7.08 7.08 7.08 0.00 0.00
2003/01/14 09:48 7.08 7.08 7.08 7.08 0.00 0.00
2003/01/14 09:49 7.08 7.08 7.08 7.08 0.00 0.00
2003/01/14 09:50 7.08 7.08 7.08 7.08 0.00 0.00
2003/01/14 09:51 7.08 7.08 7.08 7.08 19.00 13452.00
2003/01/14 09:52 7.08 7.08 7.08 7.08 0.00 0.00
2003/01/14 09:53 7.08 7.08 7.08 7.08 5.00 3540.00
2003/01/14 09:54 7.06 7.06 7.06 7.06 10.00 7060.00
2003/01/14 09:55 7.06 7.06 7.06 7.06 0.00 0.00
2003/01/14 09:56 7.08 7.08 7.08 7.08 50.00 35400.00
2003/01/14 09:57 7.08 7.08 7.08 7.08 0.00 0.00
2003/01/14 09:58 7.08 7.08 7.08 7.08 4.49 3178.92
2003/01/14 09:59 7.08 7.08 7.08 7.08 0.00 0.00
2003/01/14 10:00 7.08 7.10 7.08 7.10 23.64 16767.13
2003/01/14 10:01 7.10 7.11 7.10 7.11 23.00 16350.00
2003/01/14 10:02 7.11 7.11 7.11 7.11 20.00 14220.00
2003/01/14 10:03 7.10 7.10 7.10 7.10 10.00 7100.00
2003/01/14 10:04 7.10 7.10 7.10 7.10 5.00 3550.00
2003/01/14 10:05 7.10 7.10 7.10 7.10 21.20 15051.98
2003/01/14 10:06 7.10 7.10 7.10 7.10 10.00 7100.00
2003/01/14 10:07 7.11 7.11 7.11 7.11 13.80 9811.81
2003/01/14 10:08 7.11 7.11 7.11 7.11 10.00 7110.00
2003/01/14 10:09 7.11 7.11 7.11 7.11 0.00 0.00
2003/01/14 10:10 7.10 7.10 7.10 7.10 10.00 7100.00
2003/01/14 10:11 7.08 7.08 7.08 7.08 100.22 70955.75
2003/01/14 10:12 7.10 7.10 7.08 7.08 34.51 24439.09
2003/01/14 10:13 7.07 7.07 7.07 7.07 13.30 9403.09
2003/01/14 10:14 7.10 7.10 7.10 7.10 14.00 9940.00
2003/01/14 10:15 7.10 7.10 7.10 7.10 28.52 20249.19
2003/01/14 10:16 7.08 7.11 7.07 7.07 64.64 45753.44
2003/01/14 10:17 7.10 7.10 7.10 7.10 6.00 4260.00
2003/01/14 10:18 7.08 7.11 7.08 7.11 26.62 18906.97
2003/01/14 10:19 7.10 7.13 7.10 7.13 63.84 45476.44
2003/01/14 10:20 7.14 7.15 7.14 7.15 207.50 148235.00
2003/01/14 10:21 7.25 7.25 7.25 7.25 325.29 235835.25
2003/01/14 10:22 7.26 7.27 7.25 7.27 184.85 134118.19
2003/01/14 10:23 7.28 7.28 7.27 7.27 151.00 109854.00
2003/01/14 10:24 7.26 7.26 7.26 7.26 43.00 31218.00
2003/01/14 10:25 7.25 7.26 7.25 7.25 294.35 213542.75
2003/01/14 10:26 7.25 7.25 7.25 7.25 2.00 1450.00
2003/01/14 10:27 7.18 7.18 7.18 7.18 18.00 12924.00
2003/01/14 10:28 7.18 7.18 7.18 7.18 25.00 17950.00
2003/01/14 10:29 7.19 7.19 7.18 7.18 138.00 99119.00
2003/01/14 10:30 7.18 7.22 7.18 7.22 14.10 10158.38
2003/01/14 10:31 7.20 7.20 7.20 7.20 21.00 15120.00
2003/01/14 10:32 7.20 7.20 7.20 7.20 19.90 14328.00
2003/01/14 10:33 7.19 7.19 7.18 7.18 8.00 5750.00
2003/01/14 10:34 7.19 7.20 7.19 7.19 90.10 64837.00
2003/01/14 10:35 7.20 7.20 7.20 7.20 20.00 14400.00
2003/01/14 10:36 7.20 7.20 7.20 7.20 2.00 1440.00
2003/01/14 10:37 7.20 7.20 7.20 7.20 95.00 68400.00
2003/01/14 10:38 7.20 7.20 7.18 7.20 120.40 86599.25
2003/01/14 10:39 7.18 7.20 7.18 7.20 66.20 47533.50
2003/01/14 10:40 7.18 7.18 7.18 7.18 61.30 44013.38
2003/01/14 10:41 7.18 7.18 7.18 7.18 31.00 22258.00
2003/01/14 10:42 7.18 7.18 7.18 7.18 4.00 2872.00
2003/01/14 10:43 7.17 7.17 7.17 7.17 10.00 7170.00
2003/01/14 10:44 7.17 7.19 7.17 7.19 56.00 40218.00
2003/01/14 10:45 7.19 7.19 7.19 7.19 10.00 7190.00
2003/01/14 10:46 7.19 7.20 7.19 7.19 25.00 17985.00
2003/01/14 10:47 7.20 7.20 7.20 7.20 12.56 9043.25
2003/01/14 10:48 7.19 7.19 7.16 7.16 38.15 27354.38
2003/01/14 10:49 7.16 7.18 7.16 7.18 14.38 10312.13
2003/01/14 10:50 7.18 7.18 7.18 7.18 0.00 0.00
2003/01/14 10:51 7.15 7.15 7.15 7.15 96.79 69204.75
2003/01/14 10:52 7.18 7.18 7.17 7.18 30.98 22223.75
2003/01/14 10:53 7.16 7.16 7.16 7.16 24.06 17227.00
2003/01/14 10:54 7.16 7.16 7.16 7.16 0.00 0.00
2003/01/14 10:55 7.16 7.16 7.16 7.16 74.09 53048.50
2003/01/14 10:56 7.16 7.16 7.16 7.16 107.77 77163.25
2003/01/14 10:57 7.19 7.19 7.19 7.19 2.70 1941.25
2003/01/14 10:58 7.16 7.16 7.16 7.16 37.05 26527.75
2003/01/14 10:59 7.15 7.15 7.15 7.15 209.79 149999.75
2003/01/14 11:00 7.17 7.17 7.17 7.17 13.20 9464.50
2003/01/14 11:01 7.16 7.16 7.16 7.16 15.28 10940.50
2003/01/14 11:02 7.15 7.15 7.15 7.15 62.40 44616.25
2003/01/14 11:03 7.16 7.16 7.16 7.16 30.96 22167.25
2003/01/14 11:04 7.20 7.20 7.18 7.20 154.00 110778.00
2003/01/14 11:05 7.20 7.22 7.20 7.22 127.38 91858.25
2003/01/14 11:06 7.20 7.25 7.20 7.25 140.42 101252.50
2003/01/14 11:07 7.24 7.25 7.24 7.25 289.73 210052.25
2003/01/14 11:08 7.25 7.26 7.25 7.26 103.00 74748.00
2003/01/14 11:09 7.26 7.27 7.25 7.27 188.14 136521.75
2003/01/14 11:10 7.25 7.26 7.25 7.26 69.92 50750.00
2003/01/14 11:11 7.25 7.26 7.25 7.25 78.50 56942.50
2003/01/14 11:12 7.26 7.26 7.25 7.25 272.03 197450.75
2003/01/14 11:13 7.26 7.26 7.26 7.26 45.00 32670.00
2003/01/14 11:14 7.25 7.28 7.25 7.28 278.68 202252.00
2003/01/14 11:15 7.26 7.26 7.25 7.25 19.00 13779.00
2003/01/14 11:16 7.25 7.25 7.25 7.25 15.00 10875.00
2003/01/14 11:17 7.25 7.26 7.25 7.26 12.00 8710.00
2003/01/14 11:18 7.27 7.27 7.25 7.27 65.00 47245.00
2003/01/14 11:19 7.28 7.28 7.25 7.27 341.00 247345.00
2003/01/14 11:20 7.27 7.27 7.25 7.25 40.00 29020.25
2003/01/14 11:21 7.27 7.27 7.27 7.27 64.00 46528.00
2003/01/14 11:22 7.27 7.27 7.27 7.27 23.00 16721.00
2003/01/14 11:23 7.27 7.28 7.27 7.28 21.00 15277.00
2003/01/14 11:24 7.28 7.28 7.28 7.28 22.00 16016.00
2003/01/14 11:25 7.28 7.28 7.27 7.28 47.00 34214.00
2003/01/14 11:26 7.30 7.30 7.28 7.28 330.00 240860.00
2003/01/14 11:27 7.30 7.30 7.30 7.30 198.89 145189.50
2003/01/14 11:28 7.33 7.35 7.33 7.33 132.02 96970.50
2003/01/14 11:29 7.36 7.36 7.33 7.35 157.00 115422.00
2003/01/14 11:30 7.35 7.37 7.35 7.35 109.00 80239.00
2003/01/14 11:31 7.35 7.41 7.35 7.41 356.60 263930.50
2003/01/14 13:02 7.39 7.43 7.39 7.43 296.59 219495.00
2003/01/14 13:03 7.43 7.45 7.42 7.45 223.00 166110.00
2003/01/14 13:04 7.45 7.46 7.45 7.46 67.00 49923.00
2003/01/14 13:05 7.46 7.47 7.46 7.47 116.20 86714.50
2003/01/14 13:06 7.47 7.49 7.47 7.49 206.00 154002.00
2003/01/14 13:07 7.47 7.49 7.47 7.49 326.00 243828.00
2003/01/14 13:08 7.45 7.47 7.45 7.47 74.00 55258.00
2003/01/14 13:09 7.50 7.50 7.46 7.46 267.00 199530.00
2003/01/14 13:10 7.49 7.49 7.49 7.49 150.00 112350.00
2003/01/14 13:11 7.48 7.49 7.48 7.49 190.00 142180.00
2003/01/14 13:12 7.47 7.48 7.46 7.46 74.00 55233.00
2003/01/14 13:13 7.49 7.49 7.45 7.45 128.80 96228.00
2003/01/14 13:14 7.45 7.45 7.43 7.44 53.00 39419.00
2003/01/14 13:15 7.43 7.43 7.42 7.43 50.00 37140.00
2003/01/14 13:16 7.41 7.42 7.41 7.42 63.00 46684.00
2003/01/14 13:17 7.41 7.42 7.41 7.42 167.00 123787.00
2003/01/14 13:18 7.42 7.43 7.42 7.43 88.00 65331.00
2003/01/14 13:19 7.43 7.43 7.43 7.43 102.32 76024.00
2003/01/14 13:20 7.44 7.44 7.43 7.43 162.68 120913.00
2003/01/14 13:21 7.42 7.43 7.42 7.43 165.82 123075.50
2003/01/14 13:22 7.42 7.44 7.42 7.44 119.58 88819.50
2003/01/14 13:23 7.44 7.44 7.44 7.44 42.50 31620.00
2003/01/14 13:24 7.44 7.44 7.44 7.44 20.00 14880.00
2003/01/14 13:25 7.44 7.45 7.44 7.44 78.50 58432.00
2003/01/14 13:26 7.44 7.45 7.44 7.45 144.00 107148.00
2003/01/14 13:27 7.43 7.45 7.42 7.45 170.60 126791.00
2003/01/14 13:28 7.45 7.45 7.41 7.43 202.92 150769.50
2003/01/14 13:29 7.41 7.41 7.39 7.40 156.60 115824.50
2003/01/14 13:30 7.40 7.40 7.38 7.39 62.00 45780.00
2003/01/14 13:31 7.38 7.39 7.38 7.39 53.00 39157.00
2003/01/14 13:32 7.39 7.39 7.38 7.39 38.00 28052.00
2003/01/14 13:33 7.38 7.40 7.38 7.40 120.00 88724.00
2003/01/14 13:34 7.39 7.39 7.38 7.38 36.00 26580.00
2003/01/14 13:35 7.40 7.40 7.39 7.39 40.00 29590.00
2003/01/14 13:36 7.38 7.39 7.38 7.39 26.00 19194.00
2003/01/14 13:37 7.40 7.40 7.40 7.40 31.80 23532.00
2003/01/14 13:38 7.39 7.40 7.39 7.40 86.20 63757.00
2003/01/14 13:39 7.39 7.39 7.39 7.39 6.00 4434.00
2003/01/14 13:40 7.42 7.42 7.39 7.40 77.00 57065.00
2003/01/14 13:41 7.43 7.43 7.41 7.41 110.00 81710.00
2003/01/14 13:42 7.41 7.41 7.41 7.41 44.00 32604.00
2003/01/14 13:43 7.41 7.41 7.40 7.40 70.00 51843.00
2003/01/14 13:44 7.40 7.40 7.40 7.40 20.00 14800.00
2003/01/14 13:45 7.40 7.40 7.40 7.40 35.00 25900.00
2003/01/14 13:46 7.40 7.40 7.39 7.39 42.00 31077.00
2003/01/14 13:47 7.39 7.39 7.39 7.39 34.00 25126.00
2003/01/14 13:48 7.38 7.39 7.38 7.38 257.29 189903.00
2003/01/14 13:49 7.37 7.38 7.37 7.37 135.00 99507.00
2003/01/14 13:50 7.37 7.38 7.37 7.37 270.00 199003.00
2003/01/14 13:51 7.37 7.37 7.36 7.36 47.00 34600.00
2003/01/14 13:52 7.37 7.37 7.37 7.37 33.00 24321.00
2003/01/14 13:53 7.37 7.38 7.36 7.38 140.00 103189.00
2003/01/14 13:54 7.38 7.38 7.38 7.38 19.00 14022.00
2003/01/14 13:55 7.38 7.39 7.38 7.38 71.11 52529.00
2003/01/14 13:56 7.39 7.39 7.39 7.39 25.00 18475.00
2003/01/14 13:57 7.40 7.40 7.40 7.40 301.78 223317.00
2003/01/14 13:58 7.40 7.40 7.40 7.40 5.00 3700.00
2003/01/14 13:59 7.39 7.39 7.39 7.39 61.00 45079.00
2003/01/14 14:00 7.39 7.39 7.39 7.39 62.22 45981.00
2003/01/14 14:01 7.39 7.39 7.39 7.39 74.00 54686.00
2003/01/14 14:02 7.39 7.39 7.38 7.38 16.00 11818.00
2003/01/14 14:03 7.39 7.39 7.39 7.39 58.00 42862.00
2003/01/14 14:04 7.39 7.39 7.37 7.37 61.40 45260.00
2003/01/14 14:05 7.37 7.37 7.37 7.37 11.49 8468.00
2003/01/14 14:06 7.37 7.38 7.36 7.36 16.00 11798.00
2003/01/14 14:07 7.36 7.36 7.36 7.36 38.00 27968.00
2003/01/14 14:08 7.36 7.37 7.35 7.35 156.20 115023.00
2003/01/14 14:09 7.36 7.36 7.36 7.36 9.80 7213.00
2003/01/14 14:10 7.37 7.37 7.37 7.37 4.00 2948.00
2003/01/14 14:11 7.37 7.37 7.37 7.37 10.02 7385.00
2003/01/14 14:12 7.37 7.37 7.37 7.37 3.00 2211.00
2003/01/14 14:13 7.37 7.37 7.37 7.37 25.98 19147.00
2003/01/14 14:14 7.37 7.37 7.37 7.37 0.00 0.00
2003/01/14 14:15 7.37 7.37 7.36 7.36 47.20 34749.00
2003/01/14 14:16 7.35 7.35 7.35 7.35 10.00 7350.00
2003/01/14 14:17 7.35 7.35 7.35 7.35 18.00 13230.00
2003/01/14 14:18 7.35 7.35 7.35 7.35 98.80 72618.00
2003/01/14 14:19 7.33 7.35 7.33 7.35 59.00 43289.00
2003/01/14 14:20 7.32 7.33 7.32 7.33 101.00 73942.00
2003/01/14 14:21 7.33 7.33 7.33 7.33 22.00 16126.00
2003/01/14 14:22 7.33 7.33 7.32 7.32 23.00 16854.00
2003/01/14 14:23 7.32 7.33 7.32 7.32 464.00 339678.00
2003/01/14 14:24 7.31 7.31 7.31 7.31 110.00 80410.00
2003/01/14 14:25 7.31 7.31 7.31 7.31 22.00 16082.00
2003/01/14 14:26 7.30 7.32 7.30 7.32 138.00 100892.00
2003/01/14 14:27 7.30 7.30 7.30 7.30 102.02 74475.00
2003/01/14 14:28 7.30 7.30 7.30 7.30 64.00 46720.00
2003/01/14 14:29 7.35 7.35 7.35 7.35 235.06 172769.00
2003/01/14 14:30 7.35 7.37 7.35 7.37 51.22 37739.00
2003/01/14 14:31 7.37 7.37 7.37 7.37 0.00 0.00
2003/01/14 14:32 7.38 7.39 7.38 7.39 120.00 88603.00
2003/01/14 14:33 7.39 7.40 7.39 7.40 102.00 75425.00
2003/01/14 14:34 7.41 7.41 7.41 7.41 104.00 77064.00
2003/01/14 14:35 7.42 7.42 7.42 7.42 63.00 46746.00
2003/01/14 14:36 7.42 7.43 7.42 7.42 85.00 63080.00
2003/01/14 14:37 7.42 7.43 7.42 7.42 113.00 83902.00
2003/01/14 14:38 7.42 7.43 7.41 7.41 94.00 69757.00
2003/01/14 14:39 7.41 7.43 7.41 7.41 164.00 121598.00
2003/01/14 14:40 7.41 7.41 7.40 7.40 236.70 175376.00
2003/01/14 14:41 7.40 7.40 7.40 7.40 12.30 9102.00
2003/01/14 14:42 7.39 7.39 7.39 7.39 13.60 10050.00
2003/01/14 14:43 7.40 7.40 7.39 7.39 106.70 78928.00
2003/01/14 14:44 7.40 7.40 7.39 7.39 25.00 18480.00
2003/01/14 14:45 7.39 7.39 7.39 7.39 59.44 43926.00
2003/01/14 14:46 7.39 7.39 7.39 7.39 39.26 29013.00
2003/01/14 14:47 7.40 7.40 7.37 7.37 47.00 34750.00
2003/01/14 14:48 7.38 7.40 7.38 7.40 110.00 81380.00
2003/01/14 14:49 7.38 7.40 7.38 7.40 33.00 24402.00
2003/01/14 14:50 7.40 7.40 7.39 7.39 81.52 60301.00
2003/01/14 14:51 7.40 7.40 7.40 7.40 91.00 67340.00
2003/01/14 14:52 7.40 7.40 7.39 7.40 717.00 529961.00
2003/01/14 14:53 7.40 7.40 7.40 7.40 18.00 13320.00
2003/01/14 14:54 7.41 7.45 7.41 7.42 118.16 87865.00
2003/01/14 14:55 7.44 7.44 7.44 7.44 65.00 48360.00
2003/01/14 14:56 7.45 7.45 7.44 7.44 206.97 154048.00
2003/01/14 14:57 7.45 7.45 7.44 7.44 103.00 76712.00
2003/01/14 14:58 7.44 7.45 7.44 7.45 249.95 186074.00
2003/01/14 14:59 7.44 7.44 7.44 7.44 53.00 39432.00
2003/01/14 15:00 7.45 7.45 7.44 7.44 238.08 176768.00
