2003/01/15 09:31 7.50 7.54 7.50 7.54 454.00 340788.00
2003/01/15 09:32 7.50 7.55 7.50 7.50 171.00 128560.00
2003/01/15 09:33 7.55 7.55 7.51 7.53 147.00 110485.00
2003/01/15 09:34 7.54 7.54 7.50 7.50 121.90 91780.00
2003/01/15 09:35 7.53 7.53 7.49 7.50 139.80 104980.00
2003/01/15 09:36 7.48 7.51 7.48 7.51 155.30 116340.38
2003/01/15 09:37 7.51 7.51 7.48 7.50 204.00 153112.00
2003/01/15 09:38 7.48 7.48 7.47 7.48 205.00 153330.00
2003/01/15 09:39 7.48 7.48 7.47 7.47 56.00 41857.00
2003/01/15 09:40 7.48 7.48 7.46 7.46 71.00 53055.00
2003/01/15 09:41 7.46 7.46 7.46 7.46 37.00 27602.00
2003/01/15 09:42 7.47 7.47 7.47 7.47 1.00 747.00
2003/01/15 09:43 7.49 7.50 7.47 7.48 27.00 20209.00
2003/01/15 09:44 7.48 7.48 7.48 7.48 32.00 23936.00
2003/01/15 09:45 7.48 7.48 7.48 7.48 77.00 57596.00
2003/01/15 09:46 7.48 7.48 7.48 7.48 45.00 33660.00
2003/01/15 09:47 7.48 7.51 7.48 7.51 147.00 110308.00
2003/01/15 09:48 7.49 7.51 7.49 7.49 176.32 132296.88
2003/01/15 09:49 7.50 7.50 7.50 7.50 79.00 59250.00
2003/01/15 09:50 7.50 7.51 7.50 7.51 267.00 200328.00
2003/01/15 09:51 7.50 7.50 7.50 7.50 39.00 29250.00
2003/01/15 09:52 7.51 7.51 7.50 7.51 67.00 50276.00
2003/01/15 09:53 7.50 7.52 7.50 7.52 92.00 69044.00
2003/01/15 09:54 7.51 7.51 7.49 7.49 227.68 170564.25
2003/01/15 09:55 7.48 7.50 7.48 7.50 40.92 30664.50
2003/01/15 09:56 7.49 7.49 7.49 7.49 11.00 8239.00
2003/01/15 09:57 7.49 7.50 7.49 7.50 187.68 140661.25
2003/01/15 09:58 7.48 7.51 7.48 7.51 133.00 99793.00
2003/01/15 09:59 7.49 7.49 7.49 7.49 7.00 5243.00
2003/01/15 10:00 7.50 7.50 7.49 7.49 136.80 102512.25
2003/01/15 10:01 7.50 7.50 7.50 7.50 65.00 48750.00
2003/01/15 10:02 7.49 7.50 7.49 7.50 36.00 26984.00
2003/01/15 10:03 7.50 7.50 7.50 7.50 42.89 32167.50
2003/01/15 10:04 7.50 7.51 7.50 7.51 60.34 45275.25
2003/01/15 10:05 7.51 7.51 7.51 7.51 83.00 62333.00
2003/01/15 10:06 7.51 7.51 7.51 7.51 77.36 58097.25
2003/01/15 10:07 7.51 7.52 7.51 7.51 85.30 64098.50
2003/01/15 10:08 7.50 7.50 7.50 7.50 100.44 75330.00
2003/01/15 10:09 7.51 7.51 7.49 7.49 94.67 71049.00
2003/01/15 10:10 7.49 7.49 7.48 7.48 146.20 109424.00
2003/01/15 10:11 7.49 7.49 7.47 7.47 183.00 136854.00
2003/01/15 10:12 7.46 7.46 7.46 7.46 216.64 161613.50
2003/01/15 10:13 7.47 7.47 7.46 7.47 35.00 26135.00
2003/01/15 10:14 7.46 7.48 7.46 7.48 65.00 48590.00
2003/01/15 10:15 7.47 7.48 7.47 7.48 13.00 9717.00
2003/01/15 10:16 7.48 7.48 7.48 7.48 93.80 70162.50
2003/01/15 10:17 7.48 7.48 7.48 7.48 16.00 11968.00
2003/01/15 10:18 7.49 7.49 7.49 7.49 152.00 113848.00
2003/01/15 10:19 7.49 7.49 7.49 7.49 262.45 196575.00
2003/01/15 10:20 7.50 7.50 7.50 7.50 4.00 3000.00
2003/01/15 10:21 7.49 7.50 7.49 7.50 41.00 30719.00
2003/01/15 10:22 7.49 7.49 7.49 7.49 21.00 15729.00
2003/01/15 10:23 7.49 7.50 7.49 7.50 54.08 40535.00
2003/01/15 10:24 7.49 7.49 7.47 7.47 203.47 152125.00
2003/01/15 10:25 7.49 7.49 7.47 7.48 16.00 11970.00
2003/01/15 10:26 7.47 7.48 7.47 7.48 102.00 76284.00
2003/01/15 10:27 7.47 7.47 7.47 7.47 52.60 39292.00
2003/01/15 10:28 7.47 7.48 7.47 7.47 185.60 138651.00
2003/01/15 10:29 7.47 7.47 7.45 7.46 300.76 224083.00
2003/01/15 10:30 7.46 7.47 7.46 7.46 28.00 20908.00
2003/01/15 10:31 7.46 7.46 7.45 7.45 30.00 22365.00
2003/01/15 10:32 7.46 7.47 7.45 7.45 240.64 179594.00
2003/01/15 10:33 7.46 7.46 7.46 7.46 22.00 16412.00
2003/01/15 10:34 7.46 7.46 7.46 7.46 94.80 70721.00
2003/01/15 10:35 7.48 7.48 7.45 7.45 104.00 77555.00
2003/01/15 10:36 7.46 7.46 7.45 7.46 200.00 149100.00
2003/01/15 10:37 7.47 7.47 7.45 7.45 78.56 58547.00
2003/01/15 10:38 7.45 7.45 7.45 7.45 4.00 2980.00
2003/01/15 10:39 7.45 7.45 7.44 7.44 160.45 119432.00
2003/01/15 10:40 7.44 7.45 7.44 7.44 72.55 54015.00
2003/01/15 10:41 7.44 7.45 7.44 7.45 212.00 157909.50
2003/01/15 10:42 7.45 7.45 7.42 7.42 76.00 56545.50
2003/01/15 10:43 7.46 7.47 7.46 7.47 464.22 346677.50
2003/01/15 10:44 7.49 7.50 7.48 7.50 314.31 235684.50
2003/01/15 10:45 7.50 7.51 7.50 7.51 148.00 111060.00
2003/01/15 10:46 7.51 7.51 7.51 7.51 359.30 269834.50
2003/01/15 10:47 7.51 7.53 7.51 7.52 491.02 369270.00
2003/01/15 10:48 7.53 7.54 7.53 7.54 610.00 459456.00
2003/01/15 10:49 7.54 7.58 7.54 7.58 707.26 534577.50
2003/01/15 10:50 7.58 7.60 7.58 7.60 1004.80 763606.00
2003/01/15 10:51 7.60 7.66 7.60 7.66 460.00 351390.00
2003/01/15 10:52 7.67 7.70 7.65 7.70 744.00 571487.00
2003/01/15 10:53 7.70 7.70 7.67 7.70 538.80 413773.00
2003/01/15 10:54 7.70 7.70 7.69 7.70 615.00 473387.00
2003/01/15 10:55 7.69 7.73 7.69 7.71 1037.10 799394.00
2003/01/15 10:56 7.71 7.73 7.71 7.72 507.20 391320.00
2003/01/15 10:57 7.70 7.70 7.69 7.69 520.70 400935.00
2003/01/15 10:58 7.70 7.70 7.67 7.67 496.00 381171.00
2003/01/15 10:59 7.67 7.67 7.66 7.67 284.20 217964.00
2003/01/15 11:00 7.66 7.66 7.64 7.64 132.00 100975.00
2003/01/15 11:01 7.63 7.64 7.63 7.63 91.00 69475.00
2003/01/15 11:02 7.63 7.63 7.62 7.62 115.25 87862.00
2003/01/15 11:03 7.62 7.64 7.60 7.62 392.13 298390.00
2003/01/15 11:04 7.63 7.65 7.60 7.65 262.00 199181.00
2003/01/15 11:05 7.63 7.64 7.63 7.64 64.00 48855.00
2003/01/15 11:06 7.63 7.64 7.63 7.64 29.00 22135.00
2003/01/15 11:07 7.64 7.64 7.63 7.64 59.16 45193.00
2003/01/15 11:08 7.64 7.64 7.64 7.64 120.00 91680.00
2003/01/15 11:09 7.64 7.65 7.64 7.64 237.00 181134.00
2003/01/15 11:10 7.64 7.64 7.61 7.63 106.84 81408.00
2003/01/15 11:11 7.63 7.63 7.60 7.60 296.00 224969.00
2003/01/15 11:12 7.60 7.60 7.60 7.60 471.82 358583.00
2003/01/15 11:13 7.59 7.59 7.59 7.59 113.00 85768.00
2003/01/15 11:14 7.58 7.58 7.58 7.58 28.00 21224.00
2003/01/15 11:15 7.59 7.59 7.58 7.58 93.00 70567.00
2003/01/15 11:16 7.57 7.58 7.57 7.57 27.00 20449.00
2003/01/15 11:17 7.58 7.58 7.57 7.57 163.00 123435.00
2003/01/15 11:18 7.57 7.59 7.57 7.59 74.10 56146.00
2003/01/15 11:19 7.59 7.60 7.58 7.60 44.60 33846.00
2003/01/15 11:20 7.59 7.59 7.59 7.59 12.00 9108.00
2003/01/15 11:21 7.60 7.60 7.60 7.60 41.00 31160.00
2003/01/15 11:22 7.60 7.60 7.60 7.60 77.02 58535.00
2003/01/15 11:23 7.60 7.60 7.60 7.60 60.98 46345.00
2003/01/15 11:24 7.60 7.60 7.60 7.60 13.00 9880.00
2003/01/15 11:25 7.58 7.58 7.58 7.58 99.30 75269.00
2003/01/15 11:26 7.58 7.58 7.58 7.58 18.00 13644.00
2003/01/15 11:27 7.57 7.57 7.57 7.57 10.00 7570.00
2003/01/15 11:28 7.57 7.57 7.57 7.57 79.00 59803.00
2003/01/15 11:29 7.57 7.57 7.56 7.56 12.00 9081.00
2003/01/15 11:30 7.57 7.57 7.57 7.57 27.60 20893.00
2003/01/15 11:31 7.56 7.56 7.56 7.56 199.40 150746.00
2003/01/15 13:02 7.56 7.56 7.56 7.56 23.00 17388.00
2003/01/15 13:03 7.56 7.56 7.56 7.56 29.00 21924.00
2003/01/15 13:04 7.56 7.57 7.56 7.57 63.00 47638.00
2003/01/15 13:05 7.57 7.57 7.55 7.55 111.00 83835.00
2003/01/15 13:06 7.55 7.55 7.55 7.55 3.00 2265.00
2003/01/15 13:07 7.54 7.54 7.54 7.54 57.00 42978.00
2003/01/15 13:08 7.55 7.55 7.55 7.55 1.00 755.00
2003/01/15 13:09 7.54 7.54 7.54 7.54 107.00 80678.00
2003/01/15 13:10 7.53 7.53 7.53 7.53 22.00 16566.00
2003/01/15 13:11 7.53 7.54 7.53 7.53 31.00 23348.00
2003/01/15 13:12 7.53 7.53 7.53 7.53 40.00 30120.00
2003/01/15 13:13 7.53 7.53 7.53 7.53 27.00 20331.00
2003/01/15 13:14 7.53 7.54 7.53 7.54 13.00 9797.00
2003/01/15 13:15 7.53 7.55 7.53 7.55 101.20 76390.00
2003/01/15 13:16 7.55 7.55 7.55 7.55 0.00 0.00
2003/01/15 13:17 7.55 7.55 7.55 7.55 6.00 4530.00
2003/01/15 13:18 7.55 7.55 7.55 7.55 37.00 27935.00
2003/01/15 13:19 7.56 7.58 7.56 7.58 20.00 15148.00
2003/01/15 13:20 7.57 7.57 7.56 7.56 61.00 46153.00
2003/01/15 13:21 7.55 7.55 7.55 7.55 30.00 22650.00
2003/01/15 13:22 7.56 7.56 7.56 7.56 14.00 10584.00
2003/01/15 13:23 7.56 7.56 7.55 7.55 32.00 24167.00
2003/01/15 13:24 7.53 7.53 7.53 7.53 14.00 10542.00
2003/01/15 13:25 7.53 7.53 7.53 7.53 0.00 0.00
2003/01/15 13:26 7.53 7.55 7.53 7.53 29.00 21861.00
2003/01/15 13:27 7.52 7.52 7.52 7.52 20.00 15040.00
2003/01/15 13:28 7.52 7.52 7.52 7.52 7.00 5264.00
2003/01/15 13:29 7.52 7.52 7.52 7.52 0.00 0.00
2003/01/15 13:30 7.53 7.53 7.53 7.53 10.00 7530.00
2003/01/15 13:31 7.53 7.53 7.52 7.52 48.00 36136.00
2003/01/15 13:32 7.53 7.54 7.53 7.54 23.00 17339.00
2003/01/15 13:33 7.52 7.53 7.52 7.53 189.00 142158.00
2003/01/15 13:34 7.53 7.53 7.52 7.53 70.00 52680.00
2003/01/15 13:35 7.50 7.50 7.49 7.49 182.00 136495.00
2003/01/15 13:36 7.45 7.45 7.45 7.45 122.84 91516.00
2003/01/15 13:37 7.44 7.44 7.42 7.44 45.00 33476.00
2003/01/15 13:38 7.42 7.42 7.40 7.40 146.00 108084.00
2003/01/15 13:39 7.41 7.43 7.41 7.43 47.29 35084.00
2003/01/15 13:40 7.43 7.43 7.43 7.43 204.56 151988.00
2003/01/15 13:41 7.50 7.50 7.45 7.45 55.00 41224.00
2003/01/15 13:42 7.49 7.49 7.48 7.48 27.60 20654.00
2003/01/15 13:43 7.49 7.50 7.48 7.48 93.00 69698.00
2003/01/15 13:44 7.49 7.49 7.49 7.49 20.00 14978.00
2003/01/15 13:45 7.48 7.48 7.48 7.48 75.00 56100.00
2003/01/15 13:46 7.47 7.48 7.47 7.48 41.00 30658.00
2003/01/15 13:47 7.48 7.48 7.47 7.47 102.00 76216.00
2003/01/15 13:48 7.47 7.48 7.47 7.47 109.00 81434.00
2003/01/15 13:49 7.48 7.48 7.47 7.47 70.00 52310.00
2003/01/15 13:50 7.47 7.47 7.47 7.47 314.00 234558.00
2003/01/15 13:51 7.47 7.47 7.47 7.47 30.00 22410.00
2003/01/15 13:52 7.46 7.47 7.46 7.46 29.00 21642.00
2003/01/15 13:53 7.46 7.47 7.46 7.47 185.40 138446.00
2003/01/15 13:54 7.45 7.46 7.45 7.45 62.00 46210.00
2003/01/15 13:55 7.45 7.45 7.44 7.44 66.00 49150.00
2003/01/15 13:56 7.44 7.44 7.43 7.43 44.00 32698.00
2003/01/15 13:57 7.43 7.44 7.43 7.43 83.84 62312.00
2003/01/15 13:58 7.43 7.43 7.41 7.41 170.31 126260.00
2003/01/15 13:59 7.41 7.44 7.41 7.44 54.85 40674.00
2003/01/15 14:00 7.44 7.44 7.44 7.44 45.40 33778.00
2003/01/15 14:01 7.44 7.44 7.44 7.44 31.00 23064.00
2003/01/15 14:02 7.44 7.44 7.44 7.44 85.00 63240.00
2003/01/15 14:03 7.44 7.44 7.44 7.44 41.00 30504.00
2003/01/15 14:04 7.44 7.44 7.43 7.44 308.44 229330.00
2003/01/15 14:05 7.43 7.43 7.43 7.43 55.31 41094.00
2003/01/15 14:06 7.43 7.43 7.43 7.43 28.00 20802.00
2003/01/15 14:07 7.43 7.43 7.43 7.43 16.00 11888.00
2003/01/15 14:08 7.42 7.43 7.42 7.43 38.60 28646.00
2003/01/15 14:09 7.43 7.43 7.43 7.43 8.63 6412.00
2003/01/15 14:10 7.44 7.44 7.44 7.44 40.00 29760.00
2003/01/15 14:11 7.44 7.44 7.44 7.44 20.00 14880.00
2003/01/15 14:12 7.45 7.45 7.45 7.45 3.00 2234.00
2003/01/15 14:13 7.45 7.45 7.45 7.45 107.00 79712.00
2003/01/15 14:14 7.45 7.45 7.45 7.45 107.00 79714.00
2003/01/15 14:15 7.47 7.47 7.47 7.47 311.00 232316.00
2003/01/15 14:16 7.47 7.47 7.47 7.47 46.40 34660.00
2003/01/15 14:17 7.48 7.49 7.48 7.49 45.00 33694.00
2003/01/15 14:18 7.50 7.50 7.50 7.50 36.00 27000.00
2003/01/15 14:19 7.50 7.50 7.50 7.50 12.00 9000.00
2003/01/15 14:20 7.51 7.51 7.49 7.49 29.00 21728.00
2003/01/15 14:21 7.49 7.49 7.48 7.48 30.00 22454.00
2003/01/15 14:22 7.49 7.49 7.48 7.48 59.00 44156.00
2003/01/15 14:23 7.47 7.47 7.47 7.47 47.00 35108.00
2003/01/15 14:24 7.46 7.46 7.46 7.46 12.00 8952.00
2003/01/15 14:25 7.46 7.46 7.46 7.46 15.00 11190.00
2003/01/15 14:26 7.46 7.46 7.46 7.46 15.00 11190.00
2003/01/15 14:27 7.46 7.46 7.46 7.46 18.40 13726.00
2003/01/15 14:28 7.47 7.47 7.47 7.47 49.00 36602.00
2003/01/15 14:29 7.47 7.47 7.47 7.47 66.70 49824.00
2003/01/15 14:30 7.47 7.47 7.47 7.47 0.00 0.00
2003/01/15 14:31 7.48 7.48 7.47 7.48 17.88 13362.00
2003/01/15 14:32 7.47 7.47 7.47 7.47 93.42 69784.00
2003/01/15 14:33 7.47 7.47 7.47 7.47 15.00 11204.00
2003/01/15 14:34 7.46 7.46 7.46 7.46 49.00 36554.00
2003/01/15 14:35 7.46 7.46 7.46 7.46 11.00 8206.00
2003/01/15 14:36 7.46 7.46 7.46 7.46 74.60 55652.00
2003/01/15 14:37 7.46 7.46 7.46 7.46 0.00 0.00
2003/01/15 14:38 7.45 7.45 7.45 7.45 10.00 7448.00
2003/01/15 14:39 7.45 7.47 7.45 7.47 92.74 69228.00
2003/01/15 14:40 7.45 7.45 7.45 7.45 82.40 61388.00
2003/01/15 14:41 7.45 7.45 7.45 7.45 89.86 66946.00
2003/01/15 14:42 7.44 7.44 7.44 7.44 15.00 11160.00
2003/01/15 14:43 7.43 7.43 7.42 7.43 50.00 37128.00
2003/01/15 14:44 7.43 7.43 7.43 7.43 0.00 0.00
2003/01/15 14:45 7.43 7.43 7.41 7.41 80.00 59414.00
2003/01/15 14:46 7.43 7.44 7.43 7.44 30.30 22524.00
2003/01/15 14:47 7.45 7.45 7.45 7.45 64.02 47696.00
2003/01/15 14:48 7.46 7.46 7.46 7.46 8.00 5968.00
2003/01/15 14:49 7.45 7.46 7.45 7.45 62.00 46210.00
2003/01/15 14:50 7.46 7.46 7.46 7.46 23.00 17158.00
2003/01/15 14:51 7.46 7.46 7.46 7.46 32.56 24290.00
2003/01/15 14:52 7.46 7.48 7.46 7.46 112.44 84010.00
2003/01/15 14:53 7.46 7.48 7.46 7.47 54.56 40756.00
2003/01/15 14:54 7.47 7.48 7.47 7.48 20.00 14956.00
2003/01/15 14:55 7.46 7.46 7.46 7.46 45.80 34166.00
2003/01/15 14:56 7.46 7.48 7.46 7.48 42.00 31364.00
2003/01/15 14:57 7.46 7.46 7.46 7.46 10.00 7460.00
2003/01/15 14:58 7.48 7.48 7.48 7.48 30.00 22440.00
2003/01/15 14:59 7.48 7.48 7.48 7.48 62.00 46376.00
2003/01/15 15:00 7.48 7.48 7.47 7.48 122.00 91098.00
