2003/01/29 09:31 7.87 7.87 7.87 7.87 67.00 52729.00
2003/01/29 09:32 7.87 7.87 7.87 7.87 15.00 11805.00
2003/01/29 09:33 7.86 7.86 7.86 7.86 5.00 3930.00
2003/01/29 09:34 7.86 7.86 7.86 7.86 0.00 0.00
2003/01/29 09:35 7.85 7.85 7.85 7.85 5.00 3925.00
2003/01/29 09:36 7.84 7.84 7.84 7.84 11.00 8624.00
2003/01/29 09:37 7.83 7.83 7.82 7.82 37.00 28940.00
2003/01/29 09:38 7.82 7.82 7.82 7.82 19.00 14858.00
2003/01/29 09:39 7.82 7.82 7.82 7.82 20.00 15640.00
2003/01/29 09:40 7.83 7.83 7.83 7.83 13.00 10179.00
2003/01/29 09:41 7.82 7.82 7.82 7.82 20.00 15640.00
2003/01/29 09:42 7.82 7.82 7.82 7.82 0.00 0.00
2003/01/29 09:43 7.85 7.85 7.82 7.82 72.00 56412.00
2003/01/29 09:44 7.82 7.82 7.82 7.82 5.00 3910.00
2003/01/29 09:45 7.82 7.82 7.82 7.82 0.00 0.00
2003/01/29 09:46 7.82 7.82 7.82 7.82 0.00 0.00
2003/01/29 09:47 7.82 7.82 7.82 7.82 0.00 0.00
2003/01/29 09:48 7.83 7.83 7.83 7.83 10.00 7830.00
2003/01/29 09:49 7.83 7.83 7.83 7.83 4.00 3132.00
2003/01/29 09:50 7.84 7.84 7.83 7.83 27.00 21142.00
2003/01/29 09:51 7.84 7.84 7.84 7.84 33.00 25872.00
2003/01/29 09:52 7.84 7.84 7.84 7.84 7.60 5958.41
2003/01/29 09:53 7.85 7.85 7.85 7.85 41.00 32185.00
2003/01/29 09:54 7.86 7.86 7.86 7.86 3.00 2358.00
2003/01/29 09:55 7.86 7.86 7.86 7.86 9.00 7074.00
2003/01/29 09:56 7.88 7.88 7.88 7.88 30.00 23640.00
2003/01/29 09:57 7.88 7.88 7.88 7.88 0.00 0.00
2003/01/29 09:58 7.87 7.87 7.86 7.86 40.00 31447.00
2003/01/29 09:59 7.85 7.86 7.85 7.86 31.00 24345.00
2003/01/29 10:00 7.85 7.85 7.85 7.85 5.00 3925.00
2003/01/29 10:01 7.86 7.86 7.85 7.85 9.00 7066.00
2003/01/29 10:02 7.85 7.85 7.85 7.85 0.00 0.00
2003/01/29 10:03 7.86 7.86 7.86 7.86 40.00 31413.59
2003/01/29 10:04 7.86 7.86 7.86 7.86 0.00 0.00
2003/01/29 10:05 7.85 7.85 7.85 7.85 7.00 5495.00
2003/01/29 10:06 7.86 7.86 7.85 7.85 3.00 2356.00
2003/01/29 10:07 7.85 7.85 7.85 7.85 70.00 54950.00
2003/01/29 10:08 7.84 7.85 7.84 7.84 90.00 70565.00
2003/01/29 10:09 7.84 7.85 7.84 7.85 25.00 19605.00
2003/01/29 10:10 7.85 7.85 7.85 7.85 0.00 0.00
2003/01/29 10:11 7.84 7.84 7.84 7.84 3.00 2352.00
2003/01/29 10:12 7.83 7.84 7.83 7.84 8.00 6269.00
2003/01/29 10:13 7.84 7.84 7.84 7.84 0.00 0.00
2003/01/29 10:14 7.84 7.84 7.84 7.84 0.00 0.00
2003/01/29 10:15 7.84 7.84 7.83 7.83 29.00 22710.00
2003/01/29 10:16 7.84 7.84 7.84 7.84 41.00 32114.00
2003/01/29 10:17 7.82 7.82 7.82 7.82 147.00 115003.00
2003/01/29 10:18 7.81 7.81 7.81 7.81 20.00 15637.00
2003/01/29 10:19 7.80 7.81 7.80 7.81 212.00 165451.00
2003/01/29 10:20 7.82 7.82 7.81 7.81 20.68 16162.00
2003/01/29 10:21 7.80 7.80 7.80 7.80 39.32 30674.00
2003/01/29 10:22 7.80 7.80 7.79 7.79 30.00 23384.00
2003/01/29 10:23 7.79 7.79 7.78 7.79 116.68 90792.00
2003/01/29 10:24 7.79 7.79 7.77 7.77 138.32 107565.00
2003/01/29 10:25 7.78 7.78 7.77 7.77 147.68 114829.00
2003/01/29 10:26 7.78 7.78 7.78 7.78 103.00 80134.00
2003/01/29 10:27 7.78 7.78 7.78 7.78 30.00 23340.00
2003/01/29 10:28 7.78 7.78 7.78 7.78 0.00 0.00
2003/01/29 10:29 7.78 7.78 7.78 7.78 104.00 80912.00
2003/01/29 10:30 7.78 7.78 7.78 7.78 29.00 22562.00
2003/01/29 10:31 7.78 7.78 7.78 7.78 0.00 0.00
2003/01/29 10:32 7.79 7.79 7.79 7.79 5.00 3895.00
2003/01/29 10:33 7.78 7.79 7.78 7.79 55.00 42815.00
2003/01/29 10:34 7.79 7.79 7.79 7.79 26.00 20254.00
2003/01/29 10:35 7.79 7.79 7.79 7.79 0.00 0.00
2003/01/29 10:36 7.79 7.79 7.79 7.79 5.00 3895.00
2003/01/29 10:37 7.79 7.79 7.79 7.79 31.00 24164.00
2003/01/29 10:38 7.79 7.79 7.79 7.79 58.00 45182.00
2003/01/29 10:39 7.79 7.79 7.79 7.79 8.40 6543.00
2003/01/29 10:40 7.80 7.80 7.80 7.80 12.00 9360.00
2003/01/29 10:41 7.79 7.79 7.79 7.79 2.60 2026.00
2003/01/29 10:42 7.79 7.79 7.78 7.78 15.00 11675.00
2003/01/29 10:43 7.78 7.79 7.78 7.78 55.00 42677.13
2003/01/29 10:44 7.79 7.79 7.78 7.78 44.00 34242.00
2003/01/29 10:45 7.78 7.78 7.78 7.78 30.20 23495.63
2003/01/29 10:46 7.79 7.79 7.78 7.78 24.00 18679.00
2003/01/29 10:47 7.79 7.79 7.79 7.79 18.00 14022.00
2003/01/29 10:48 7.78 7.78 7.78 7.78 6.40 4979.25
2003/01/29 10:49 7.80 7.80 7.80 7.80 9.00 7020.00
2003/01/29 10:50 7.80 7.80 7.80 7.80 5.00 3900.00
2003/01/29 10:51 7.79 7.79 7.79 7.79 8.00 6232.00
2003/01/29 10:52 7.79 7.79 7.79 7.79 10.00 7903.00
2003/01/29 10:53 7.80 7.80 7.80 7.80 45.00 35085.00
2003/01/29 10:54 7.80 7.80 7.80 7.80 0.00 0.00
2003/01/29 10:55 7.80 7.80 7.79 7.79 38.00 29626.00
2003/01/29 10:56 7.79 7.79 7.79 7.79 53.00 41252.00
2003/01/29 10:57 7.79 7.79 7.79 7.79 0.00 0.00
2003/01/29 10:58 7.80 7.80 7.80 7.80 7.44 5803.00
2003/01/29 10:59 7.80 7.80 7.80 7.80 0.00 0.00
2003/01/29 11:00 7.81 7.81 7.81 7.81 10.00 7810.00
2003/01/29 11:01 7.81 7.81 7.80 7.80 16.00 12486.00
2003/01/29 11:02 7.80 7.80 7.80 7.80 7.40 5772.00
2003/01/29 11:03 7.80 7.80 7.80 7.80 0.00 0.00
2003/01/29 11:04 7.80 7.80 7.80 7.80 35.00 27300.00
2003/01/29 11:05 7.80 7.80 7.80 7.80 26.60 20748.00
2003/01/29 11:06 7.80 7.80 7.79 7.79 125.80 98021.00
2003/01/29 11:07 7.82 7.82 7.82 7.82 13.00 10157.00
2003/01/29 11:08 7.82 7.82 7.80 7.80 25.00 19530.00
2003/01/29 11:09 7.80 7.80 7.80 7.80 0.00 0.00
2003/01/29 11:10 7.80 7.80 7.80 7.80 7.00 5460.00
2003/01/29 11:11 7.82 7.82 7.80 7.80 133.00 103771.00
2003/01/29 11:12 7.81 7.81 7.81 7.81 2.00 1562.00
2003/01/29 11:13 7.81 7.81 7.81 7.81 0.00 0.00
2003/01/29 11:14 7.81 7.82 7.81 7.82 16.00 12501.00
2003/01/29 11:15 7.82 7.82 7.82 7.82 5.00 3910.00
2003/01/29 11:16 7.82 7.84 7.82 7.84 18.00 14089.00
2003/01/29 11:17 7.86 7.86 7.86 7.86 384.57 302129.00
2003/01/29 11:18 7.86 7.86 7.86 7.86 1.00 786.00
2003/01/29 11:19 7.88 7.88 7.88 7.88 109.00 85879.00
2003/01/29 11:20 7.88 7.88 7.88 7.88 0.00 0.00
2003/01/29 11:21 7.86 7.86 7.86 7.86 17.00 13362.00
2003/01/29 11:22 7.86 7.86 7.86 7.86 0.00 0.00
2003/01/29 11:23 7.86 7.86 7.86 7.86 0.00 0.00
2003/01/29 11:24 7.86 7.86 7.86 7.86 40.43 31753.00
2003/01/29 11:25 7.86 7.86 7.86 7.86 5.00 3930.00
2003/01/29 11:26 7.86 7.86 7.86 7.86 0.00 0.00
2003/01/29 11:27 7.86 7.86 7.86 7.86 0.00 0.00
2003/01/29 11:28 7.86 7.86 7.86 7.86 0.00 0.00
2003/01/29 11:29 7.85 7.85 7.85 7.85 10.00 7850.00
2003/01/29 11:30 7.83 7.83 7.83 7.83 8.00 6264.00
2003/01/29 11:31 7.82 7.82 7.82 7.82 105.00 82195.00
2003/01/29 13:02 7.83 7.83 7.83 7.83 27.00 21134.00
2003/01/29 13:03 7.82 7.82 7.82 7.82 8.00 6256.00
2003/01/29 13:04 7.82 7.82 7.82 7.82 0.00 0.00
2003/01/29 13:05 7.82 7.82 7.82 7.82 60.00 46920.00
2003/01/29 13:06 7.83 7.83 7.82 7.82 90.00 70436.00
2003/01/29 13:07 7.82 7.82 7.80 7.80 107.00 83500.00
2003/01/29 13:08 7.81 7.81 7.80 7.80 90.00 70276.00
2003/01/29 13:09 7.80 7.80 7.80 7.80 5.00 3900.00
2003/01/29 13:10 7.79 7.79 7.79 7.79 20.00 15580.00
2003/01/29 13:11 7.80 7.80 7.80 7.80 17.00 13260.00
2003/01/29 13:12 7.80 7.80 7.80 7.80 0.00 0.00
2003/01/29 13:13 7.79 7.79 7.79 7.79 20.00 15580.00
2003/01/29 13:14 7.80 7.80 7.79 7.80 74.00 57710.00
2003/01/29 13:15 7.79 7.79 7.79 7.79 10.00 7790.00
2003/01/29 13:16 7.80 7.80 7.80 7.80 51.00 39780.00
2003/01/29 13:17 7.80 7.80 7.80 7.80 15.12 11794.00
2003/01/29 13:18 7.80 7.80 7.80 7.80 5.00 3900.00
2003/01/29 13:19 7.80 7.80 7.80 7.80 0.00 0.00
2003/01/29 13:20 7.80 7.80 7.80 7.80 0.00 0.00
2003/01/29 13:21 7.80 7.80 7.80 7.80 3.00 2340.00
2003/01/29 13:22 7.80 7.80 7.80 7.80 0.00 0.00
2003/01/29 13:23 7.81 7.81 7.81 7.81 13.00 10147.00
2003/01/29 13:24 7.80 7.80 7.80 7.80 10.00 7800.00
2003/01/29 13:25 7.81 7.81 7.81 7.81 18.00 14058.00
2003/01/29 13:26 7.81 7.81 7.81 7.81 0.00 0.00
2003/01/29 13:27 7.81 7.81 7.81 7.81 8.00 6248.00
2003/01/29 13:28 7.81 7.81 7.81 7.81 0.00 0.00
2003/01/29 13:29 7.82 7.82 7.81 7.81 35.00 27365.00
2003/01/29 13:30 7.81 7.81 7.81 7.81 10.00 7810.00
2003/01/29 13:31 7.81 7.81 7.81 7.81 0.00 0.00
2003/01/29 13:32 7.82 7.82 7.82 7.82 25.00 19550.00
2003/01/29 13:33 7.82 7.82 7.82 7.82 3.00 2346.00
2003/01/29 13:34 7.81 7.81 7.81 7.81 20.00 15620.00
2003/01/29 13:35 7.81 7.81 7.81 7.81 76.00 59356.00
2003/01/29 13:36 7.80 7.81 7.80 7.81 70.00 54665.00
2003/01/29 13:37 7.80 7.80 7.80 7.80 312.88 244046.00
2003/01/29 13:38 7.79 7.79 7.79 7.79 10.00 7790.00
2003/01/29 13:39 7.80 7.80 7.80 7.80 53.00 41335.00
2003/01/29 13:40 7.79 7.79 7.79 7.79 6.00 4674.00
2003/01/29 13:41 7.78 7.80 7.78 7.80 194.40 151410.00
2003/01/29 13:42 7.80 7.80 7.80 7.80 2.00 1560.00
2003/01/29 13:43 7.80 7.80 7.80 7.80 36.60 28548.00
2003/01/29 13:44 7.80 7.80 7.80 7.80 27.00 21043.00
2003/01/29 13:45 7.80 7.80 7.80 7.80 30.00 23400.00
2003/01/29 13:46 7.80 7.80 7.80 7.80 90.00 70200.00
2003/01/29 13:47 7.80 7.80 7.80 7.80 9.92 7689.25
2003/01/29 13:48 7.80 7.80 7.80 7.80 19.12 14913.50
2003/01/29 13:49 7.79 7.79 7.79 7.79 21.96 17106.75
2003/01/29 13:50 7.79 7.79 7.79 7.79 8.04 6263.00
2003/01/29 13:51 7.79 7.79 7.79 7.79 0.00 0.00
2003/01/29 13:52 7.80 7.80 7.80 7.80 12.00 9360.00
2003/01/29 13:53 7.80 7.80 7.80 7.80 9.00 7020.00
2003/01/29 13:54 7.80 7.80 7.80 7.80 10.00 7800.00
2003/01/29 13:55 7.80 7.80 7.80 7.80 0.00 0.00
2003/01/29 13:56 7.80 7.80 7.80 7.80 13.00 10140.00
2003/01/29 13:57 7.80 7.80 7.80 7.80 7.00 5460.00
2003/01/29 13:58 7.80 7.80 7.80 7.80 45.00 35100.00
2003/01/29 13:59 7.80 7.80 7.79 7.79 23.00 17933.00
2003/01/29 14:00 7.80 7.81 7.80 7.81 29.08 22701.50
2003/01/29 14:01 7.81 7.81 7.81 7.81 0.00 0.00
2003/01/29 14:02 7.82 7.82 7.82 7.82 20.00 15640.00
2003/01/29 14:03 7.82 7.82 7.82 7.82 3.00 2346.00
2003/01/29 14:04 7.82 7.82 7.80 7.80 144.92 113077.50
2003/01/29 14:05 7.80 7.80 7.80 7.80 75.98 59264.50
2003/01/29 14:06 7.80 7.80 7.80 7.80 10.00 7800.00
2003/01/29 14:07 7.80 7.80 7.80 7.80 0.00 0.00
2003/01/29 14:08 7.80 7.81 7.80 7.80 113.00 88150.00
2003/01/29 14:09 7.81 7.81 7.81 7.81 5.00 3905.00
2003/01/29 14:10 7.80 7.82 7.80 7.82 43.00 33586.00
2003/01/29 14:11 7.82 7.82 7.82 7.82 0.00 0.00
2003/01/29 14:12 7.82 7.82 7.82 7.82 0.00 0.00
2003/01/29 14:13 7.80 7.80 7.80 7.80 33.00 25740.00
2003/01/29 14:14 7.80 7.80 7.79 7.79 310.00 241500.00
2003/01/29 14:15 7.79 7.80 7.79 7.80 25.00 19480.00
2003/01/29 14:16 7.80 7.80 7.80 7.80 0.00 0.00
2003/01/29 14:17 7.79 7.79 7.79 7.79 53.98 42050.50
2003/01/29 14:18 7.80 7.80 7.78 7.80 259.00 201520.00
2003/01/29 14:19 7.78 7.80 7.78 7.80 262.00 203856.00
2003/01/29 14:20 7.78 7.80 7.78 7.79 244.00 189856.00
2003/01/29 14:21 7.79 7.79 7.79 7.79 10.00 7790.00
2003/01/29 14:22 7.79 7.79 7.78 7.78 64.00 49816.00
2003/01/29 14:23 7.79 7.79 7.79 7.79 15.00 11685.00
2003/01/29 14:24 7.78 7.78 7.78 7.78 73.60 57261.00
2003/01/29 14:25 7.78 7.78 7.78 7.78 7.00 5446.00
2003/01/29 14:26 7.78 7.79 7.78 7.79 8.00 6229.00
2003/01/29 14:27 7.79 7.79 7.79 7.79 40.00 31160.00
2003/01/29 14:28 7.79 7.79 7.79 7.79 36.00 28044.00
2003/01/29 14:29 7.79 7.79 7.79 7.79 13.00 10127.00
2003/01/29 14:30 7.79 7.80 7.79 7.79 19.00 14813.00
2003/01/29 14:31 7.79 7.79 7.79 7.79 15.00 11685.00
2003/01/29 14:32 7.80 7.80 7.80 7.80 23.00 17940.00
2003/01/29 14:33 7.80 7.80 7.80 7.80 50.02 39015.50
2003/01/29 14:34 7.80 7.80 7.80 7.80 20.00 15600.00
2003/01/29 14:35 7.81 7.81 7.81 7.81 2.00 1562.00
2003/01/29 14:36 7.81 7.81 7.81 7.81 29.00 22649.00
2003/01/29 14:37 7.81 7.81 7.81 7.81 11.00 8591.00
2003/01/29 14:38 7.80 7.80 7.80 7.80 35.00 27300.00
2003/01/29 14:39 7.80 7.80 7.80 7.80 101.98 79544.50
2003/01/29 14:40 7.80 7.80 7.80 7.80 46.00 35880.00
2003/01/29 14:41 7.80 7.80 7.80 7.80 17.00 13260.00
2003/01/29 14:42 7.80 7.80 7.79 7.80 31.42 24497.50
2003/01/29 14:43 7.80 7.80 7.80 7.80 29.00 22620.00
2003/01/29 14:44 7.80 7.80 7.80 7.80 61.00 47580.00
2003/01/29 14:45 7.80 7.80 7.80 7.80 49.00 38220.00
2003/01/29 14:46 7.79 7.80 7.79 7.80 22.00 17148.00
2003/01/29 14:47 7.79 7.79 7.79 7.79 89.28 69549.00
2003/01/29 14:48 7.79 7.79 7.78 7.79 191.00 148739.00
2003/01/29 14:49 7.79 7.79 7.79 7.79 53.49 41668.50
2003/01/29 14:50 7.80 7.80 7.80 7.80 14.51 11318.00
2003/01/29 14:51 7.79 7.79 7.78 7.78 35.00 27250.00
2003/01/29 14:52 7.79 7.79 7.79 7.79 125.40 97686.50
2003/01/29 14:53 7.78 7.78 7.78 7.78 363.90 283114.00
2003/01/29 14:54 7.78 7.78 7.78 7.78 95.00 73910.00
2003/01/29 14:55 7.78 7.78 7.78 7.78 225.00 175050.00
2003/01/29 14:56 7.76 7.78 7.76 7.78 367.00 284986.00
2003/01/29 14:57 7.77 7.77 7.76 7.76 101.00 78404.00
2003/01/29 14:58 7.75 7.75 7.75 7.75 12.00 9300.00
2003/01/29 14:59 7.76 7.76 7.76 7.76 178.00 138128.00
2003/01/29 15:00 7.77 7.77 7.77 7.77 416.88 323578.00
