2003/01/02 09:31 6.84 6.84 6.81 6.81 42.00 28662.00
2003/01/02 09:32 6.81 6.81 6.81 6.81 0.00 0.00
2003/01/02 09:33 6.80 6.80 6.80 6.80 5.00 3400.00
2003/01/02 09:34 6.80 6.80 6.80 6.80 5.00 3400.00
2003/01/02 09:35 6.80 6.80 6.80 6.80 2.00 1360.00
2003/01/02 09:36 6.72 6.81 6.72 6.81 46.00 31002.00
2003/01/02 09:37 6.80 6.80 6.80 6.80 20.00 13600.00
2003/01/02 09:38 6.80 6.80 6.80 6.80 0.00 0.00
2003/01/02 09:39 6.80 6.80 6.80 6.80 18.00 12240.00
2003/01/02 09:40 6.80 6.80 6.80 6.80 0.00 0.00
2003/01/02 09:41 6.81 6.81 6.81 6.81 14.00 9534.00
2003/01/02 09:42 6.82 6.82 6.82 6.82 40.00 27280.00
2003/01/02 09:43 6.82 6.82 6.82 6.82 0.00 0.00
2003/01/02 09:44 6.83 6.83 6.83 6.83 20.00 13660.00
2003/01/02 09:45 6.83 6.83 6.83 6.83 15.00 10245.00
2003/01/02 09:46 6.84 6.84 6.83 6.83 17.00 11621.00
2003/01/02 09:47 6.83 6.83 6.83 6.83 0.00 0.00
2003/01/02 09:48 6.83 6.83 6.83 6.83 0.00 0.00
2003/01/02 09:49 6.86 6.86 6.85 6.85 29.00 19885.00
2003/01/02 09:50 6.85 6.85 6.85 6.85 2.00 1370.00
2003/01/02 09:51 6.85 6.85 6.85 6.85 2.24 1534.41
2003/01/02 09:52 6.85 6.85 6.85 6.85 10.00 6850.00
2003/01/02 09:53 6.85 6.85 6.85 6.85 10.00 6850.00
2003/01/02 09:54 6.85 6.85 6.85 6.85 15.00 10275.00
2003/01/02 09:55 6.85 6.85 6.85 6.85 16.44 11261.41
2003/01/02 09:56 6.87 6.87 6.85 6.85 49.32 33786.20
2003/01/02 09:57 6.84 6.85 6.84 6.85 8.40 5747.61
2003/01/02 09:58 6.84 6.84 6.84 6.84 29.60 20246.41
2003/01/02 09:59 6.83 6.83 6.83 6.83 27.76 18960.09
2003/01/02 10:00 6.84 6.84 6.84 6.84 5.40 3693.59
2003/01/02 10:01 6.85 6.85 6.85 6.85 3.00 2055.00
2003/01/02 10:02 6.85 6.85 6.85 6.85 0.00 0.00
2003/01/02 10:03 6.85 6.85 6.83 6.83 76.24 52081.91
2003/01/02 10:04 6.83 6.83 6.82 6.82 10.00 6827.00
2003/01/02 10:05 6.83 6.83 6.83 6.83 24.00 16392.00
2003/01/02 10:06 6.83 6.83 6.83 6.83 3.00 2049.00
2003/01/02 10:07 6.83 6.83 6.83 6.83 5.00 3415.00
2003/01/02 10:08 6.83 6.83 6.83 6.83 5.00 3415.00
2003/01/02 10:09 6.82 6.82 6.82 6.82 24.68 16831.75
2003/01/02 10:10 6.83 6.83 6.83 6.83 3.00 2049.00
2003/01/02 10:11 6.83 6.83 6.83 6.83 0.00 0.00
2003/01/02 10:12 6.83 6.83 6.83 6.83 33.00 22539.00
2003/01/02 10:13 6.83 6.83 6.83 6.83 89.56 61169.47
2003/01/02 10:14 6.83 6.83 6.83 6.83 0.00 0.00
2003/01/02 10:15 6.87 6.87 6.86 6.86 31.00 21275.00
2003/01/02 10:16 6.89 6.89 6.89 6.89 5.00 3445.00
2003/01/02 10:17 6.89 6.89 6.89 6.89 0.00 0.00
2003/01/02 10:18 6.89 6.89 6.89 6.89 0.00 0.00
2003/01/02 10:19 6.90 6.90 6.90 6.90 5.00 3450.00
2003/01/02 10:20 6.90 6.90 6.90 6.90 3.00 2070.03
2003/01/02 10:21 6.90 6.90 6.89 6.89 22.00 15170.00
2003/01/02 10:22 6.89 6.89 6.89 6.89 0.00 0.00
2003/01/02 10:23 6.88 6.88 6.88 6.88 10.00 6880.00
2003/01/02 10:24 6.88 6.88 6.88 6.88 0.00 0.00
2003/01/02 10:25 6.88 6.88 6.88 6.88 0.00 0.00
2003/01/02 10:26 6.87 6.87 6.86 6.87 20.00 13733.00
2003/01/02 10:27 6.86 6.86 6.86 6.86 3.00 2058.00
2003/01/02 10:28 6.86 6.86 6.86 6.86 0.00 0.00
2003/01/02 10:29 6.86 6.86 6.86 6.86 0.00 0.00
2003/01/02 10:30 6.85 6.85 6.85 6.85 5.00 3425.00
2003/01/02 10:31 6.85 6.85 6.85 6.85 0.00 0.00
2003/01/02 10:32 6.83 6.83 6.83 6.83 30.00 20490.00
2003/01/02 10:33 6.83 6.83 6.83 6.83 0.00 0.00
2003/01/02 10:34 6.83 6.83 6.83 6.83 0.00 0.00
2003/01/02 10:35 6.85 6.85 6.85 6.85 19.00 13015.00
2003/01/02 10:36 6.85 6.85 6.85 6.85 0.00 0.00
2003/01/02 10:37 6.85 6.85 6.85 6.85 0.00 0.00
2003/01/02 10:38 6.85 6.85 6.84 6.84 18.00 12322.00
2003/01/02 10:39 6.84 6.84 6.84 6.84 0.00 0.00
2003/01/02 10:40 6.83 6.83 6.83 6.83 5.00 3415.00
2003/01/02 10:41 6.83 6.84 6.83 6.84 16.00 10939.00
2003/01/02 10:42 6.84 6.84 6.84 6.84 100.00 68400.00
2003/01/02 10:43 6.83 6.84 6.83 6.84 10.00 6835.00
2003/01/02 10:44 6.83 6.83 6.83 6.83 16.80 11474.38
2003/01/02 10:45 6.83 6.83 6.83 6.83 15.00 10245.00
2003/01/02 10:46 6.83 6.83 6.83 6.83 6.00 4098.00
2003/01/02 10:47 6.83 6.83 6.83 6.83 0.00 0.00
2003/01/02 10:48 6.83 6.83 6.83 6.83 0.00 0.00
2003/01/02 10:49 6.83 6.83 6.83 6.83 0.00 0.00
2003/01/02 10:50 6.83 6.83 6.83 6.83 0.00 0.00
2003/01/02 10:51 6.83 6.83 6.83 6.83 0.00 0.00
2003/01/02 10:52 6.83 6.83 6.83 6.83 0.00 0.00
2003/01/02 10:53 6.83 6.83 6.83 6.83 0.00 0.00
2003/01/02 10:54 6.84 6.84 6.84 6.84 20.00 13680.00
2003/01/02 10:55 6.84 6.84 6.84 6.84 0.00 0.00
2003/01/02 10:56 6.84 6.84 6.82 6.82 48.00 32744.00
2003/01/02 10:57 6.82 6.82 6.82 6.82 0.00 0.00
2003/01/02 10:58 6.82 6.82 6.82 6.82 0.00 0.00
2003/01/02 10:59 6.83 6.83 6.83 6.83 14.00 9562.00
2003/01/02 11:00 6.83 6.83 6.83 6.83 0.00 0.00
2003/01/02 11:01 6.82 6.82 6.82 6.82 15.00 10230.00
2003/01/02 11:02 6.84 6.84 6.82 6.82 77.00 52552.00
2003/01/02 11:03 6.82 6.82 6.82 6.82 0.00 0.00
2003/01/02 11:04 6.82 6.82 6.82 6.82 0.00 0.00
2003/01/02 11:05 6.82 6.82 6.81 6.81 22.96 15653.75
2003/01/02 11:06 6.80 6.80 6.78 6.78 178.00 120994.00
2003/01/02 11:07 6.78 6.78 6.78 6.78 5.00 3390.00
2003/01/02 11:08 6.78 6.78 6.76 6.76 23.00 15554.00
2003/01/02 11:09 6.76 6.76 6.75 6.75 204.00 137723.00
2003/01/02 11:10 6.73 6.76 6.73 6.76 57.00 38502.00
2003/01/02 11:11 6.76 6.76 6.76 6.76 0.00 0.00
2003/01/02 11:12 6.75 6.75 6.73 6.73 43.00 28997.00
2003/01/02 11:13 6.73 6.73 6.73 6.73 0.00 0.00
2003/01/02 11:14 6.75 6.75 6.70 6.70 260.00 174225.00
2003/01/02 11:15 6.70 6.70 6.70 6.70 75.00 50250.00
2003/01/02 11:16 6.75 6.75 6.75 6.75 4.00 2700.00
2003/01/02 11:17 6.75 6.75 6.75 6.75 6.00 4050.00
2003/01/02 11:18 6.75 6.75 6.75 6.75 5.00 3375.00
2003/01/02 11:19 6.74 6.74 6.74 6.74 13.00 8762.00
2003/01/02 11:20 6.75 6.75 6.75 6.75 11.00 7425.00
2003/01/02 11:21 6.75 6.75 6.75 6.75 0.00 0.00
2003/01/02 11:22 6.75 6.75 6.75 6.75 0.00 0.00
2003/01/02 11:23 6.75 6.75 6.75 6.75 51.00 34425.00
2003/01/02 11:24 6.75 6.75 6.75 6.75 24.00 16200.00
2003/01/02 11:25 6.75 6.75 6.75 6.75 0.00 0.00
2003/01/02 11:26 6.73 6.73 6.73 6.73 60.00 40380.00
2003/01/02 11:27 6.73 6.73 6.73 6.73 0.00 0.00
2003/01/02 11:28 6.71 6.71 6.71 6.71 20.00 13420.00
2003/01/02 11:29 6.70 6.70 6.70 6.70 40.00 26800.00
2003/01/02 11:30 6.70 6.70 6.70 6.70 14.00 9380.00
2003/01/02 11:31 6.73 6.73 6.71 6.71 151.00 101810.00
2003/01/02 13:02 6.71 6.71 6.71 6.71 0.00 0.00
2003/01/02 13:03 6.71 6.71 6.71 6.71 29.92 20076.00
2003/01/02 13:04 6.71 6.71 6.71 6.71 0.08 54.00
2003/01/02 13:05 6.73 6.73 6.73 6.73 55.00 36976.00
2003/01/02 13:06 6.70 6.70 6.70 6.70 36.00 24148.00
2003/01/02 13:07 6.70 6.70 6.70 6.70 0.00 0.00
2003/01/02 13:08 6.73 6.73 6.73 6.73 10.00 6730.00
2003/01/02 13:09 6.73 6.73 6.73 6.73 0.00 0.00
2003/01/02 13:10 6.72 6.72 6.72 6.72 44.40 29837.00
2003/01/02 13:11 6.72 6.72 6.72 6.72 7.20 4838.00
2003/01/02 13:12 6.73 6.73 6.73 6.73 11.92 8022.00
2003/01/02 13:13 6.75 6.75 6.75 6.75 3.00 2025.00
2003/01/02 13:14 6.75 6.75 6.75 6.75 2.00 1350.00
2003/01/02 13:15 6.76 6.76 6.76 6.76 10.00 6760.00
2003/01/02 13:16 6.75 6.76 6.75 6.76 14.00 9457.00
2003/01/02 13:17 6.76 6.76 6.76 6.76 27.00 18252.00
2003/01/02 13:18 6.76 6.76 6.76 6.76 0.00 0.00
2003/01/02 13:19 6.76 6.76 6.75 6.75 14.00 9454.00
2003/01/02 13:20 6.76 6.76 6.76 6.76 10.00 6760.00
2003/01/02 13:21 6.76 6.76 6.76 6.76 5.00 3380.00
2003/01/02 13:22 6.75 6.75 6.75 6.75 5.00 3375.00
2003/01/02 13:23 6.75 6.75 6.75 6.75 3.00 2025.00
2003/01/02 13:24 6.75 6.75 6.75 6.75 0.00 0.00
2003/01/02 13:25 6.75 6.75 6.75 6.75 10.00 6750.00
2003/01/02 13:26 6.76 6.76 6.75 6.75 78.00 52660.00
2003/01/02 13:27 6.75 6.75 6.75 6.75 5.00 3375.00
2003/01/02 13:28 6.75 6.75 6.75 6.75 5.00 3375.00
2003/01/02 13:29 6.75 6.75 6.75 6.75 0.00 0.00
2003/01/02 13:30 6.75 6.75 6.75 6.75 0.00 0.00
2003/01/02 13:31 6.75 6.75 6.75 6.75 0.00 0.00
2003/01/02 13:32 6.73 6.73 6.73 6.73 3.00 2019.00
2003/01/02 13:33 6.72 6.73 6.72 6.73 15.00 10083.00
2003/01/02 13:34 6.74 6.74 6.74 6.74 5.00 3366.00
2003/01/02 13:35 6.72 6.72 6.72 6.72 5.00 3360.00
2003/01/02 13:36 6.70 6.70 6.70 6.70 60.00 40305.00
2003/01/02 13:37 6.70 6.70 6.70 6.70 0.00 0.00
2003/01/02 13:38 6.70 6.70 6.70 6.70 0.00 0.00
2003/01/02 13:39 6.73 6.74 6.73 6.74 6.00 4041.00
2003/01/02 13:40 6.74 6.74 6.74 6.74 0.00 0.00
2003/01/02 13:41 6.74 6.74 6.74 6.74 5.00 3370.00
2003/01/02 13:42 6.74 6.74 6.74 6.74 10.00 6740.00
2003/01/02 13:43 6.74 6.74 6.74 6.74 0.00 0.00
2003/01/02 13:44 6.73 6.73 6.73 6.73 3.00 2019.00
2003/01/02 13:45 6.73 6.73 6.73 6.73 0.00 0.00
2003/01/02 13:46 6.73 6.73 6.73 6.73 6.00 4038.00
2003/01/02 13:47 6.73 6.73 6.73 6.73 0.00 0.00
2003/01/02 13:48 6.73 6.73 6.73 6.73 5.00 3365.00
2003/01/02 13:49 6.73 6.73 6.73 6.73 16.00 10768.00
2003/01/02 13:50 6.73 6.73 6.73 6.73 5.00 3365.00
2003/01/02 13:51 6.74 6.74 6.74 6.74 2.00 1348.00
2003/01/02 13:52 6.73 6.74 6.73 6.74 21.52 14493.00
2003/01/02 13:53 6.74 6.74 6.74 6.74 4.00 2696.00
2003/01/02 13:54 6.74 6.74 6.74 6.74 5.00 3370.00
2003/01/02 13:55 6.74 6.74 6.74 6.74 0.00 0.00
2003/01/02 13:56 6.74 6.74 6.74 6.74 10.00 6740.00
2003/01/02 13:57 6.73 6.73 6.73 6.73 40.00 26920.00
2003/01/02 13:58 6.73 6.73 6.73 6.73 3.48 2342.00
2003/01/02 13:59 6.74 6.74 6.74 6.74 20.00 13478.00
2003/01/02 14:00 6.74 6.74 6.74 6.74 8.12 5473.00
2003/01/02 14:01 6.74 6.74 6.74 6.74 0.00 0.00
2003/01/02 14:02 6.74 6.74 6.74 6.74 31.88 21517.00
2003/01/02 14:03 6.75 6.75 6.75 6.75 70.92 47817.00
2003/01/02 14:04 6.75 6.75 6.75 6.75 3.00 2025.00
2003/01/02 14:05 6.76 6.76 6.76 6.76 20.00 13520.00
2003/01/02 14:06 6.76 6.76 6.76 6.76 80.00 54080.00
2003/01/02 14:07 6.75 6.76 6.75 6.76 36.00 24324.00
2003/01/02 14:08 6.76 6.76 6.76 6.76 19.00 12844.00
2003/01/02 14:09 6.75 6.76 6.75 6.76 12.00 8110.00
2003/01/02 14:10 6.76 6.76 6.76 6.76 30.00 20280.00
2003/01/02 14:11 6.76 6.76 6.76 6.76 21.00 14196.00
2003/01/02 14:12 6.76 6.76 6.76 6.76 26.00 17576.00
2003/01/02 14:13 6.76 6.76 6.76 6.76 0.00 0.00
2003/01/02 14:14 6.76 6.76 6.76 6.76 16.00 10816.00
2003/01/02 14:15 6.76 6.76 6.76 6.76 7.00 4732.00
2003/01/02 14:16 6.75 6.75 6.75 6.75 2.00 1350.00
2003/01/02 14:17 6.76 6.76 6.76 6.76 3.00 2028.00
2003/01/02 14:18 6.73 6.73 6.73 6.73 28.00 18880.00
2003/01/02 14:19 6.73 6.73 6.73 6.73 0.00 0.00
2003/01/02 14:20 6.73 6.73 6.73 6.73 2.00 1346.00
2003/01/02 14:21 6.73 6.73 6.73 6.73 10.00 6730.00
2003/01/02 14:22 6.76 6.76 6.76 6.76 28.00 18928.00
2003/01/02 14:23 6.76 6.76 6.76 6.76 0.00 0.00
2003/01/02 14:24 6.76 6.76 6.76 6.76 8.00 5408.00
2003/01/02 14:25 6.76 6.76 6.76 6.76 10.00 6760.00
2003/01/02 14:26 6.77 6.77 6.76 6.76 24.00 16239.00
2003/01/02 14:27 6.76 6.76 6.76 6.76 0.00 0.00
2003/01/02 14:28 6.74 6.74 6.74 6.74 3.00 2022.00
2003/01/02 14:29 6.74 6.74 6.74 6.74 0.00 0.00
2003/01/02 14:30 6.74 6.74 6.74 6.74 5.00 3370.00
2003/01/02 14:31 6.74 6.74 6.74 6.74 0.00 0.00
2003/01/02 14:32 6.73 6.73 6.73 6.73 50.00 33659.00
2003/01/02 14:33 6.73 6.73 6.73 6.73 40.00 26922.00
2003/01/02 14:34 6.72 6.72 6.72 6.72 59.00 39652.00
2003/01/02 14:35 6.72 6.72 6.71 6.71 26.00 17471.00
2003/01/02 14:36 6.73 6.73 6.72 6.72 8.60 5784.00
2003/01/02 14:37 6.72 6.72 6.72 6.72 7.40 4973.00
2003/01/02 14:38 6.71 6.71 6.71 6.71 8.00 5368.00
2003/01/02 14:39 6.72 6.72 6.72 6.72 2.60 1747.00
2003/01/02 14:40 6.72 6.72 6.72 6.72 6.00 4032.00
2003/01/02 14:41 6.73 6.73 6.73 6.73 2.00 1346.00
2003/01/02 14:42 6.72 6.72 6.72 6.72 6.40 4301.00
2003/01/02 14:43 6.73 6.73 6.73 6.73 14.00 9414.00
2003/01/02 14:44 6.72 6.72 6.72 6.72 10.00 6720.00
2003/01/02 14:45 6.71 6.71 6.71 6.71 30.00 20130.00
2003/01/02 14:46 6.70 6.70 6.70 6.70 43.00 28831.00
2003/01/02 14:47 6.70 6.70 6.70 6.70 120.00 80400.00
2003/01/02 14:48 6.70 6.70 6.70 6.70 74.50 49920.00
2003/01/02 14:49 6.70 6.70 6.70 6.70 3.00 2010.00
2003/01/02 14:50 6.71 6.71 6.71 6.71 22.00 14762.00
2003/01/02 14:51 6.71 6.71 6.71 6.71 10.00 6710.00
2003/01/02 14:52 6.70 6.71 6.70 6.70 103.00 69015.00
2003/01/02 14:53 6.71 6.71 6.71 6.71 1.00 671.00
2003/01/02 14:54 6.71 6.71 6.70 6.70 48.00 32195.00
2003/01/02 14:55 6.71 6.72 6.71 6.71 27.00 18126.00
2003/01/02 14:56 6.71 6.71 6.71 6.71 60.00 40210.00
2003/01/02 14:57 6.70 6.71 6.70 6.70 46.50 31149.00
2003/01/02 14:58 6.71 6.71 6.70 6.70 15.00 10051.00
2003/01/02 14:59 6.71 6.71 6.69 6.69 32.00 21451.00
2003/01/02 15:01 6.68 6.68 6.68 6.68 50.00 33443.00
2003/01/03 09:31 6.68 6.68 6.68 6.68 0.00 0.00
2003/01/03 09:32 6.68 6.68 6.68 6.68 0.00 0.00
2003/01/03 09:33 6.68 6.68 6.68 6.68 10.00 6680.00
2003/01/03 09:34 6.68 6.68 6.68 6.68 40.00 26720.00
2003/01/03 09:35 6.68 6.68 6.68 6.68 10.00 6680.00
2003/01/03 09:36 6.68 6.68 6.68 6.68 30.00 20040.00
2003/01/03 09:37 6.68 6.68 6.68 6.68 0.00 0.00
2003/01/03 09:38 6.70 6.70 6.70 6.70 35.00 23450.00
2003/01/03 09:39 6.70 6.70 6.70 6.70 5.00 3350.00
2003/01/03 09:40 6.70 6.70 6.70 6.70 25.00 16750.00
2003/01/03 09:41 6.75 6.75 6.75 6.75 10.00 6750.00
2003/01/03 09:42 6.75 6.75 6.75 6.75 0.00 0.00
2003/01/03 09:43 6.75 6.75 6.75 6.75 0.00 0.00
2003/01/03 09:44 6.75 6.75 6.75 6.75 0.00 0.00
2003/01/03 09:45 6.68 6.68 6.68 6.68 108.00 72144.00
2003/01/03 09:46 6.68 6.68 6.68 6.68 20.00 13360.00
2003/01/03 09:47 6.68 6.68 6.68 6.68 46.60 31128.80
2003/01/03 09:48 6.68 6.68 6.68 6.68 0.00 0.00
2003/01/03 09:49 6.70 6.70 6.68 6.68 28.00 18752.00
2003/01/03 09:50 6.70 6.70 6.70 6.70 3.00 2010.00
2003/01/03 09:51 6.72 6.72 6.72 6.72 4.00 2688.00
2003/01/03 09:52 6.72 6.73 6.72 6.73 55.00 37010.02
2003/01/03 09:53 6.71 6.71 6.71 6.71 22.80 15298.81
2003/01/03 09:54 6.72 6.72 6.72 6.72 10.00 6720.00
2003/01/03 09:55 6.72 6.72 6.72 6.72 0.00 0.00
2003/01/03 09:56 6.72 6.72 6.72 6.72 0.00 0.00
2003/01/03 09:57 6.71 6.73 6.71 6.73 18.00 12094.00
2003/01/03 09:58 6.73 6.73 6.73 6.73 0.00 0.00
2003/01/03 09:59 6.72 6.72 6.72 6.72 10.00 6720.00
2003/01/03 10:00 6.72 6.72 6.72 6.72 8.00 5376.00
2003/01/03 10:01 6.71 6.71 6.70 6.70 11.20 7505.19
2003/01/03 10:02 6.71 6.71 6.67 6.67 140.40 93786.19
2003/01/03 10:03 6.67 6.67 6.67 6.67 0.00 0.00
2003/01/03 10:04 6.67 6.67 6.67 6.67 30.00 20010.00
2003/01/03 10:05 6.67 6.67 6.67 6.67 0.00 0.00
2003/01/03 10:06 6.67 6.67 6.67 6.67 0.00 0.00
2003/01/03 10:07 6.66 6.66 6.66 6.66 15.00 9990.00
2003/01/03 10:08 6.65 6.65 6.65 6.65 35.00 23275.00
2003/01/03 10:09 6.65 6.65 6.65 6.65 13.00 8645.00
2003/01/03 10:10 6.63 6.65 6.63 6.63 15.00 9955.00
2003/01/03 10:11 6.65 6.65 6.65 6.65 1.00 665.00
2003/01/03 10:12 6.65 6.65 6.65 6.65 2.00 1330.00
2003/01/03 10:13 6.67 6.67 6.64 6.64 73.00 48487.00
2003/01/03 10:14 6.64 6.64 6.64 6.64 0.00 0.00
2003/01/03 10:15 6.69 6.69 6.69 6.69 10.00 6690.00
2003/01/03 10:16 6.69 6.69 6.69 6.69 0.00 0.00
2003/01/03 10:17 6.69 6.69 6.69 6.69 0.00 0.00
2003/01/03 10:18 6.69 6.69 6.69 6.69 10.00 6690.00
2003/01/03 10:19 6.69 6.69 6.69 6.69 4.00 2676.00
2003/01/03 10:20 6.68 6.68 6.68 6.68 2.00 1336.00
2003/01/03 10:21 6.68 6.68 6.66 6.66 8.00 5332.00
2003/01/03 10:22 6.66 6.66 6.66 6.66 0.00 0.00
2003/01/03 10:23 6.68 6.68 6.68 6.68 6.50 4341.88
2003/01/03 10:24 6.69 6.69 6.69 6.69 4.00 2676.00
2003/01/03 10:25 6.68 6.68 6.66 6.68 169.00 112652.00
2003/01/03 10:26 6.68 6.68 6.68 6.68 2.00 1336.00
2003/01/03 10:27 6.68 6.68 6.68 6.68 0.00 0.00
2003/01/03 10:28 6.69 6.69 6.69 6.69 5.00 3345.00
2003/01/03 10:29 6.69 6.69 6.69 6.69 0.00 0.00
2003/01/03 10:30 6.68 6.69 6.68 6.69 30.00 20050.00
2003/01/03 10:31 6.69 6.69 6.68 6.68 23.00 15376.00
2003/01/03 10:32 6.68 6.68 6.68 6.68 0.00 0.00
2003/01/03 10:33 6.66 6.66 6.66 6.66 53.00 35298.00
2003/01/03 10:34 6.68 6.68 6.68 6.68 10.00 6680.00
2003/01/03 10:35 6.68 6.68 6.68 6.68 0.00 0.00
2003/01/03 10:36 6.68 6.68 6.66 6.66 9.50 6337.00
2003/01/03 10:37 6.66 6.66 6.66 6.66 0.00 0.00
2003/01/03 10:38 6.66 6.66 6.65 6.65 27.00 17960.00
2003/01/03 10:39 6.66 6.68 6.66 6.68 56.50 37649.00
2003/01/03 10:40 6.68 6.68 6.68 6.68 17.00 11356.00
2003/01/03 10:41 6.68 6.68 6.68 6.68 7.92 5290.56
2003/01/03 10:42 6.69 6.69 6.69 6.69 47.80 31978.19
2003/01/03 10:43 6.70 6.71 6.70 6.71 52.00 34846.00
2003/01/03 10:44 6.71 6.71 6.71 6.71 27.00 18117.00
2003/01/03 10:45 6.71 6.71 6.71 6.71 0.00 0.00
2003/01/03 10:46 6.70 6.72 6.70 6.72 20.00 13420.00
2003/01/03 10:47 6.72 6.72 6.72 6.72 0.00 0.00
2003/01/03 10:48 6.72 6.72 6.72 6.72 0.00 0.00
2003/01/03 10:49 6.71 6.71 6.71 6.71 3.00 2013.00
2003/01/03 10:50 6.71 6.71 6.71 6.71 1.00 671.00
2003/01/03 10:51 6.70 6.70 6.70 6.70 5.00 3350.00
2003/01/03 10:52 6.70 6.70 6.70 6.70 52.60 35242.00
2003/01/03 10:53 6.70 6.70 6.70 6.70 22.40 15008.00
2003/01/03 10:54 6.70 6.70 6.70 6.70 7.60 5092.00
2003/01/03 10:55 6.70 6.70 6.70 6.70 0.00 0.00
2003/01/03 10:56 6.71 6.71 6.70 6.70 26.00 17423.00
2003/01/03 10:57 6.70 6.70 6.70 6.70 7.00 4690.00
2003/01/03 10:58 6.70 6.70 6.70 6.70 3.40 2278.00
2003/01/03 10:59 6.70 6.70 6.70 6.70 0.00 0.00
2003/01/03 11:00 6.70 6.70 6.70 6.70 6.00 4020.00
2003/01/03 11:01 6.69 6.69 6.69 6.69 16.20 10837.75
2003/01/03 11:02 6.68 6.68 6.68 6.68 19.08 12745.50
2003/01/03 11:03 6.68 6.68 6.68 6.68 0.00 0.00
2003/01/03 11:04 6.68 6.68 6.68 6.68 0.00 0.00
2003/01/03 11:05 6.68 6.68 6.68 6.68 0.00 0.00
2003/01/03 11:06 6.69 6.69 6.69 6.69 2.92 1952.50
2003/01/03 11:07 6.69 6.69 6.69 6.69 8.40 5619.63
2003/01/03 11:08 6.69 6.69 6.69 6.69 0.00 0.00
2003/01/03 11:09 6.69 6.69 6.69 6.69 0.00 0.00
2003/01/03 11:10 6.70 6.70 6.69 6.69 11.00 7360.00
2003/01/03 11:11 6.69 6.69 6.69 6.69 0.00 0.00
2003/01/03 11:12 6.69 6.69 6.69 6.69 10.50 7024.50
2003/01/03 11:13 6.69 6.69 6.69 6.69 0.00 0.00
2003/01/03 11:14 6.69 6.72 6.69 6.72 46.10 30960.88
2003/01/03 11:15 6.72 6.72 6.72 6.72 0.00 0.00
2003/01/03 11:16 6.72 6.72 6.72 6.72 0.00 0.00
2003/01/03 11:17 6.73 6.73 6.73 6.73 50.00 33650.00
2003/01/03 11:18 6.73 6.73 6.73 6.73 0.00 0.00
2003/01/03 11:19 6.72 6.72 6.72 6.72 5.00 3360.00
2003/01/03 11:20 6.72 6.72 6.72 6.72 0.00 0.00
2003/01/03 11:21 6.72 6.72 6.72 6.72 11.00 7392.00
2003/01/03 11:22 6.72 6.72 6.72 6.72 62.00 41664.00
2003/01/03 11:23 6.72 6.72 6.72 6.72 5.00 3360.00
2003/01/03 11:24 6.71 6.71 6.71 6.71 18.00 12078.00
2003/01/03 11:25 6.70 6.70 6.70 6.70 15.00 10050.00
2003/01/03 11:26 6.69 6.69 6.69 6.69 25.00 16725.00
2003/01/03 11:27 6.69 6.69 6.69 6.69 0.00 0.00
2003/01/03 11:28 6.70 6.70 6.69 6.70 40.00 26795.00
2003/01/03 11:29 6.70 6.70 6.70 6.70 0.00 0.00
2003/01/03 11:30 6.70 6.70 6.70 6.70 0.00 0.00
2003/01/03 11:31 6.70 6.71 6.70 6.71 67.40 45258.63
2003/01/03 13:02 6.73 6.73 6.73 6.73 25.00 16811.00
2003/01/03 13:03 6.73 6.73 6.73 6.73 0.00 0.00
2003/01/03 13:04 6.73 6.73 6.73 6.73 0.00 0.00
2003/01/03 13:05 6.73 6.73 6.73 6.73 0.00 0.00
2003/01/03 13:06 6.73 6.73 6.73 6.73 0.00 0.00
2003/01/03 13:07 6.72 6.72 6.71 6.71 60.00 40292.00
2003/01/03 13:08 6.72 6.72 6.70 6.70 22.08 14809.00
2003/01/03 13:09 6.72 6.72 6.72 6.72 60.00 40320.00
2003/01/03 13:10 6.72 6.72 6.72 6.72 9.32 6263.00
2003/01/03 13:11 6.72 6.72 6.72 6.72 20.00 13440.00
2003/01/03 13:12 6.73 6.73 6.73 6.73 20.00 13460.00
2003/01/03 13:13 6.73 6.73 6.73 6.73 0.00 0.00
2003/01/03 13:14 6.73 6.73 6.73 6.73 26.10 17566.00
2003/01/03 13:15 6.74 6.74 6.74 6.74 8.00 5392.00
2003/01/03 13:16 6.74 6.74 6.74 6.74 0.00 0.00
2003/01/03 13:17 6.74 6.74 6.74 6.74 0.00 0.00
2003/01/03 13:18 6.74 6.74 6.74 6.74 0.00 0.00
2003/01/03 13:19 6.74 6.74 6.74 6.74 0.00 0.00
2003/01/03 13:20 6.74 6.74 6.74 6.74 0.00 0.00
2003/01/03 13:21 6.74 6.74 6.74 6.74 0.00 0.00
2003/01/03 13:22 6.74 6.74 6.74 6.74 0.00 0.00
2003/01/03 13:23 6.74 6.74 6.74 6.74 3.00 2022.00
2003/01/03 13:24 6.74 6.74 6.74 6.74 0.00 0.00
2003/01/03 13:25 6.73 6.74 6.72 6.74 23.00 15472.00
2003/01/03 13:26 6.74 6.74 6.74 6.74 0.00 0.00
2003/01/03 13:27 6.74 6.74 6.74 6.74 0.00 0.00
2003/01/03 13:28 6.73 6.73 6.73 6.73 2.00 1346.00
2003/01/03 13:29 6.73 6.73 6.73 6.73 0.00 0.00
2003/01/03 13:30 6.73 6.73 6.73 6.73 0.00 0.00
2003/01/03 13:31 6.73 6.73 6.73 6.73 10.00 6730.00
2003/01/03 13:32 6.73 6.73 6.73 6.73 0.00 0.00
2003/01/03 13:33 6.74 6.74 6.74 6.74 12.80 8627.00
2003/01/03 13:34 6.74 6.74 6.74 6.74 7.20 4853.00
2003/01/03 13:35 6.74 6.75 6.74 6.75 14.00 9431.00
2003/01/03 13:36 6.75 6.75 6.75 6.75 0.00 0.00
2003/01/03 13:37 6.73 6.75 6.73 6.75 30.00 20200.00
2003/01/03 13:38 6.75 6.75 6.75 6.75 21.00 14169.00
2003/01/03 13:39 6.72 6.72 6.72 6.72 8.68 5835.00
2003/01/03 13:40 6.72 6.72 6.72 6.72 0.00 0.00
2003/01/03 13:41 6.72 6.72 6.72 6.72 1.32 887.00
2003/01/03 13:42 6.72 6.72 6.72 6.72 0.00 0.00
2003/01/03 13:43 6.71 6.71 6.71 6.71 1.05 705.00
2003/01/03 13:44 6.71 6.71 6.71 6.71 0.00 0.00
2003/01/03 13:45 6.71 6.71 6.71 6.71 0.00 0.00
2003/01/03 13:46 6.71 6.74 6.71 6.74 22.60 15179.63
2003/01/03 13:47 6.74 6.74 6.74 6.74 30.25 20388.50
2003/01/03 13:48 6.74 6.74 6.74 6.74 0.00 0.00
2003/01/03 13:49 6.74 6.74 6.74 6.74 44.75 30161.50
2003/01/03 13:50 6.73 6.73 6.73 6.73 10.00 6730.00
2003/01/03 13:51 6.73 6.73 6.73 6.73 0.00 0.00
2003/01/03 13:52 6.74 6.74 6.74 6.74 10.00 6740.00
2003/01/03 13:53 6.72 6.72 6.72 6.72 3.00 2016.00
2003/01/03 13:54 6.72 6.72 6.72 6.72 5.00 3360.00
2003/01/03 13:55 6.71 6.71 6.71 6.71 5.00 3355.00
2003/01/03 13:56 6.71 6.71 6.71 6.71 0.00 0.00
2003/01/03 13:57 6.71 6.71 6.71 6.71 0.00 0.00
2003/01/03 13:58 6.71 6.71 6.71 6.71 17.03 11427.13
2003/01/03 13:59 6.71 6.71 6.71 6.71 0.00 0.00
2003/01/03 14:00 6.70 6.70 6.70 6.70 10.00 6700.00
2003/01/03 14:01 6.70 6.70 6.70 6.70 5.00 3350.00
2003/01/03 14:02 6.70 6.70 6.70 6.70 0.00 0.00
2003/01/03 14:03 6.70 6.70 6.70 6.70 0.00 0.00
2003/01/03 14:04 6.70 6.70 6.70 6.70 14.00 9380.00
2003/01/03 14:05 6.70 6.70 6.70 6.70 0.00 0.00
2003/01/03 14:06 6.70 6.70 6.70 6.70 0.00 0.00
2003/01/03 14:07 6.70 6.70 6.70 6.70 0.00 0.00
2003/01/03 14:08 6.70 6.70 6.70 6.70 19.92 13346.38
2003/01/03 14:09 6.70 6.70 6.70 6.70 0.00 0.00
2003/01/03 14:10 6.71 6.71 6.71 6.71 4.05 2717.50
2003/01/03 14:11 6.71 6.71 6.71 6.71 0.00 0.00
2003/01/03 14:12 6.71 6.71 6.71 6.71 0.00 0.00
2003/01/03 14:13 6.71 6.71 6.71 6.71 0.00 0.00
2003/01/03 14:14 6.71 6.71 6.71 6.71 9.95 6676.50
2003/01/03 14:15 6.71 6.71 6.71 6.71 0.00 0.00
2003/01/03 14:16 6.70 6.70 6.70 6.70 9.00 6030.00
2003/01/03 14:17 6.71 6.71 6.71 6.71 7.65 5133.13
2003/01/03 14:18 6.70 6.70 6.70 6.70 26.35 17654.50
2003/01/03 14:19 6.70 6.70 6.70 6.70 2.00 1340.00
2003/01/03 14:20 6.70 6.70 6.70 6.70 1.65 1105.50
2003/01/03 14:21 6.70 6.70 6.70 6.70 0.00 0.00
2003/01/03 14:22 6.70 6.70 6.70 6.70 0.00 0.00
2003/01/03 14:23 6.71 6.71 6.71 6.71 16.00 10736.00
2003/01/03 14:24 6.72 6.72 6.71 6.71 8.00 5372.00
2003/01/03 14:25 6.71 6.71 6.71 6.71 0.00 0.00
2003/01/03 14:26 6.71 6.71 6.71 6.71 0.00 0.00
2003/01/03 14:27 6.71 6.71 6.71 6.71 0.00 0.00
2003/01/03 14:28 6.70 6.70 6.70 6.70 10.00 6700.00
2003/01/03 14:29 6.70 6.70 6.70 6.70 67.35 45124.50
2003/01/03 14:30 6.69 6.69 6.69 6.69 5.00 3345.00
2003/01/03 14:31 6.69 6.69 6.69 6.69 16.20 10837.75
2003/01/03 14:32 6.69 6.69 6.69 6.69 2.00 1338.00
2003/01/03 14:33 6.69 6.69 6.69 6.69 7.80 5218.25
2003/01/03 14:34 6.68 6.68 6.68 6.68 10.00 6680.00
2003/01/03 14:35 6.68 6.68 6.68 6.68 25.00 16700.00
2003/01/03 14:36 6.70 6.70 6.70 6.70 40.00 26800.00
2003/01/03 14:37 6.68 6.68 6.68 6.68 5.90 3941.25
2003/01/03 14:38 6.68 6.68 6.68 6.68 0.00 0.00
2003/01/03 14:39 6.70 6.70 6.70 6.70 19.25 12897.50
2003/01/03 14:40 6.68 6.68 6.68 6.68 20.00 13360.00
2003/01/03 14:41 6.68 6.68 6.68 6.68 0.00 0.00
2003/01/03 14:42 6.68 6.68 6.68 6.68 0.00 0.00
2003/01/03 14:43 6.68 6.68 6.68 6.68 0.00 0.00
2003/01/03 14:44 6.68 6.68 6.68 6.68 0.00 0.00
2003/01/03 14:45 6.70 6.70 6.70 6.70 20.00 13400.00
2003/01/03 14:46 6.70 6.70 6.70 6.70 0.00 0.00
2003/01/03 14:47 6.70 6.72 6.70 6.72 15.56 10446.38
2003/01/03 14:48 6.72 6.72 6.72 6.72 0.00 0.00
2003/01/03 14:49 6.71 6.72 6.71 6.72 13.30 8932.25
2003/01/03 14:50 6.71 6.72 6.71 6.72 50.70 34044.75
2003/01/03 14:51 6.72 6.72 6.72 6.72 35.00 23520.00
2003/01/03 14:52 6.72 6.72 6.72 6.72 0.00 0.00
2003/01/03 14:53 6.72 6.72 6.72 6.72 10.00 6720.00
2003/01/03 14:54 6.72 6.72 6.72 6.72 2.10 1411.25
2003/01/03 14:55 6.72 6.72 6.72 6.72 0.00 0.00
2003/01/03 14:56 6.73 6.73 6.72 6.72 6.00 4033.00
2003/01/03 14:57 6.72 6.72 6.72 6.72 0.00 0.00
2003/01/03 14:58 6.74 6.74 6.74 6.74 31.00 20894.00
2003/01/03 14:59 6.73 6.73 6.73 6.73 40.00 26920.00
2003/01/03 15:00 6.73 6.73 6.72 6.72 22.90 15352.88
2003/01/06 09:31 6.73 6.73 6.73 6.73 0.00 0.00
2003/01/06 09:32 6.73 6.73 6.73 6.73 0.00 0.00
2003/01/06 09:33 6.73 6.73 6.73 6.73 5.00 3365.00
2003/01/06 09:34 6.73 6.73 6.73 6.73 0.00 0.00
2003/01/06 09:35 6.73 6.73 6.73 6.73 0.00 0.00
2003/01/06 09:36 6.73 6.73 6.73 6.73 0.00 0.00
2003/01/06 09:37 6.80 6.80 6.80 6.80 5.00 3400.00
2003/01/06 09:38 6.80 6.80 6.80 6.80 0.00 0.00
2003/01/06 09:39 6.78 6.78 6.78 6.78 3.00 2034.00
2003/01/06 09:40 6.78 6.78 6.78 6.78 0.00 0.00
2003/01/06 09:41 6.75 6.75 6.75 6.75 6.00 4050.00
2003/01/06 09:42 6.75 6.75 6.75 6.75 0.00 0.00
2003/01/06 09:43 6.75 6.75 6.75 6.75 0.00 0.00
2003/01/06 09:44 6.75 6.75 6.75 6.75 0.00 0.00
2003/01/06 09:45 6.73 6.73 6.73 6.73 4.00 2692.00
2003/01/06 09:46 6.73 6.73 6.73 6.73 17.20 11575.60
2003/01/06 09:47 6.73 6.73 6.73 6.73 0.00 0.00
2003/01/06 09:48 6.73 6.73 6.73 6.73 16.00 10768.00
2003/01/06 09:49 6.73 6.73 6.73 6.73 0.00 0.00
2003/01/06 09:50 6.73 6.73 6.73 6.73 0.00 0.00
2003/01/06 09:51 6.73 6.73 6.73 6.73 17.00 11441.00
2003/01/06 09:52 6.73 6.73 6.73 6.73 0.00 0.00
2003/01/06 09:53 6.73 6.73 6.73 6.73 0.00 0.00
2003/01/06 09:54 6.72 6.72 6.72 6.72 22.80 15322.40
2003/01/06 09:55 6.72 6.72 6.72 6.72 0.00 0.00
2003/01/06 09:56 6.72 6.72 6.72 6.72 0.00 0.00
2003/01/06 09:57 6.72 6.72 6.72 6.72 0.00 0.00
2003/01/06 09:58 6.73 6.73 6.71 6.71 16.00 10762.00
2003/01/06 09:59 6.71 6.71 6.71 6.71 6.00 4026.00
2003/01/06 10:00 6.70 6.70 6.70 6.70 9.00 6030.00
2003/01/06 10:01 6.70 6.70 6.70 6.70 0.00 0.00
2003/01/06 10:02 6.70 6.70 6.70 6.70 0.00 0.00
2003/01/06 10:03 6.70 6.70 6.70 6.70 5.00 3350.00
2003/01/06 10:04 6.71 6.73 6.71 6.73 15.00 10075.00
2003/01/06 10:05 6.73 6.73 6.73 6.73 0.00 0.00
2003/01/06 10:06 6.73 6.73 6.73 6.73 1.00 673.00
2003/01/06 10:07 6.72 6.72 6.72 6.72 3.00 2016.00
2003/01/06 10:08 6.72 6.72 6.72 6.72 54.00 36288.00
2003/01/06 10:09 6.71 6.73 6.71 6.73 31.24 20971.72
2003/01/06 10:10 6.73 6.73 6.73 6.73 0.00 0.00
2003/01/06 10:11 6.75 6.75 6.75 6.75 5.00 3375.00
2003/01/06 10:12 6.73 6.73 6.73 6.73 5.16 3472.69
2003/01/06 10:13 6.73 6.73 6.73 6.73 0.00 0.00
2003/01/06 10:14 6.72 6.72 6.72 6.72 5.00 3360.00
2003/01/06 10:15 6.71 6.71 6.71 6.71 18.56 12453.77
2003/01/06 10:16 6.71 6.71 6.71 6.71 0.00 0.00
2003/01/06 10:17 6.71 6.71 6.71 6.71 2.40 1610.41
2003/01/06 10:18 6.71 6.71 6.71 6.71 0.00 0.00
2003/01/06 10:19 6.70 6.70 6.70 6.70 299.00 200329.98
2003/01/06 10:20 6.70 6.70 6.70 6.70 0.00 0.00
2003/01/06 10:21 6.70 6.70 6.70 6.70 0.00 0.00
2003/01/06 10:22 6.70 6.70 6.70 6.70 0.00 0.00
2003/01/06 10:23 6.73 6.73 6.70 6.70 25.00 16780.00
2003/01/06 10:24 6.70 6.70 6.70 6.70 0.00 0.00
2003/01/06 10:25 6.70 6.70 6.70 6.70 0.00 0.00
2003/01/06 10:26 6.72 6.72 6.72 6.72 10.00 6720.00
2003/01/06 10:27 6.73 6.75 6.73 6.75 20.00 13480.00
2003/01/06 10:28 6.75 6.75 6.75 6.75 0.00 0.00
2003/01/06 10:29 6.75 6.75 6.75 6.75 20.00 13500.00
2003/01/06 10:30 6.75 6.75 6.75 6.75 10.00 6750.00
2003/01/06 10:31 6.75 6.75 6.75 6.75 35.00 23625.00
2003/01/06 10:32 6.75 6.75 6.75 6.75 0.00 0.00
2003/01/06 10:33 6.75 6.75 6.75 6.75 0.00 0.00
2003/01/06 10:34 6.75 6.75 6.75 6.75 0.00 0.00
2003/01/06 10:35 6.75 6.75 6.75 6.75 20.84 14067.00
2003/01/06 10:36 6.76 6.76 6.76 6.76 22.00 14872.00
2003/01/06 10:37 6.76 6.76 6.76 6.76 0.00 0.00
2003/01/06 10:38 6.75 6.75 6.75 6.75 14.16 9558.00
2003/01/06 10:39 6.75 6.75 6.72 6.72 41.00 27597.00
2003/01/06 10:40 6.72 6.72 6.72 6.72 0.00 0.00
2003/01/06 10:41 6.72 6.72 6.72 6.72 0.00 0.00
2003/01/06 10:42 6.72 6.72 6.72 6.72 0.00 0.00
2003/01/06 10:43 6.72 6.72 6.72 6.72 0.00 0.00
2003/01/06 10:44 6.72 6.72 6.72 6.72 0.00 0.00
2003/01/06 10:45 6.72 6.72 6.72 6.72 0.00 0.00
2003/01/06 10:46 6.72 6.72 6.72 6.72 0.00 0.00
2003/01/06 10:47 6.72 6.72 6.72 6.72 0.00 0.00
2003/01/06 10:48 6.75 6.75 6.75 6.75 6.00 4050.00
2003/01/06 10:49 6.72 6.72 6.72 6.72 10.00 6720.00
2003/01/06 10:50 6.72 6.72 6.72 6.72 12.00 8064.00
2003/01/06 10:51 6.72 6.72 6.72 6.72 0.00 0.00
2003/01/06 10:52 6.72 6.72 6.72 6.72 0.00 0.00
2003/01/06 10:53 6.72 6.72 6.72 6.72 0.00 0.00
2003/01/06 10:54 6.72 6.72 6.72 6.72 0.00 0.00
2003/01/06 10:55 6.72 6.72 6.72 6.72 0.00 0.00
2003/01/06 10:56 6.72 6.72 6.72 6.72 0.00 0.00
2003/01/06 10:57 6.75 6.75 6.75 6.75 20.84 14067.00
2003/01/06 10:58 6.75 6.75 6.75 6.75 0.00 0.00
2003/01/06 10:59 6.75 6.75 6.75 6.75 0.00 0.00
2003/01/06 11:00 6.75 6.75 6.75 6.75 15.00 10125.00
2003/01/06 11:01 6.75 6.75 6.75 6.75 0.00 0.00
2003/01/06 11:02 6.75 6.75 6.75 6.75 0.00 0.00
2003/01/06 11:03 6.75 6.75 6.75 6.75 5.00 3375.00
2003/01/06 11:04 6.75 6.75 6.75 6.75 10.00 6750.00
2003/01/06 11:05 6.75 6.76 6.75 6.76 8.00 5403.00
2003/01/06 11:06 6.75 6.75 6.75 6.75 1.00 675.00
2003/01/06 11:07 6.78 6.78 6.78 6.78 10.00 6780.00
2003/01/06 11:08 6.78 6.78 6.78 6.78 0.00 0.00
2003/01/06 11:09 6.78 6.78 6.78 6.78 0.00 0.00
2003/01/06 11:10 6.78 6.78 6.78 6.78 12.00 8136.00
2003/01/06 11:11 6.78 6.78 6.78 6.78 0.00 0.00
2003/01/06 11:12 6.78 6.78 6.78 6.78 0.00 0.00
2003/01/06 11:13 6.77 6.77 6.77 6.77 6.00 4062.00
2003/01/06 11:14 6.77 6.77 6.77 6.77 7.00 4739.00
2003/01/06 11:15 6.78 6.78 6.78 6.78 6.00 4068.00
2003/01/06 11:16 6.77 6.78 6.77 6.78 8.00 5421.00
2003/01/06 11:17 6.78 6.78 6.78 6.78 0.00 0.00
2003/01/06 11:18 6.78 6.78 6.78 6.78 0.00 0.00
2003/01/06 11:19 6.78 6.78 6.78 6.78 51.48 34903.44
2003/01/06 11:20 6.78 6.78 6.78 6.78 0.00 0.00
2003/01/06 11:21 6.79 6.79 6.79 6.79 5.00 3395.00
2003/01/06 11:22 6.78 6.78 6.78 6.78 44.00 29832.00
2003/01/06 11:23 6.78 6.78 6.78 6.78 0.00 0.00
2003/01/06 11:24 6.78 6.78 6.78 6.78 0.00 0.00
2003/01/06 11:25 6.79 6.79 6.79 6.79 2.00 1358.00
2003/01/06 11:26 6.79 6.79 6.79 6.79 12.00 8148.00
2003/01/06 11:27 6.80 6.80 6.80 6.80 5.00 3400.00
2003/01/06 11:28 6.80 6.80 6.80 6.80 0.00 0.00
2003/01/06 11:29 6.80 6.80 6.80 6.80 0.00 0.00
2003/01/06 11:30 6.80 6.80 6.80 6.80 0.00 0.00
2003/01/06 11:31 6.80 6.80 6.79 6.79 136.00 92440.00
2003/01/06 13:02 6.80 6.80 6.79 6.79 4.00 2718.00
2003/01/06 13:03 6.79 6.79 6.79 6.79 0.00 0.00
2003/01/06 13:04 6.79 6.79 6.79 6.79 0.00 0.00
2003/01/06 13:05 6.80 6.80 6.80 6.80 5.00 3400.00
2003/01/06 13:06 6.80 6.80 6.80 6.80 0.00 0.00
2003/01/06 13:07 6.80 6.80 6.79 6.79 7.00 4756.00
2003/01/06 13:08 6.79 6.79 6.79 6.79 0.00 0.00
2003/01/06 13:09 6.79 6.79 6.79 6.79 0.00 0.00
2003/01/06 13:10 6.79 6.79 6.79 6.79 0.00 0.00
2003/01/06 13:11 6.79 6.79 6.79 6.79 0.00 0.00
2003/01/06 13:12 6.79 6.79 6.79 6.79 5.00 3395.00
2003/01/06 13:13 6.78 6.78 6.78 6.78 19.52 13235.00
2003/01/06 13:14 6.77 6.77 6.77 6.77 3.00 2031.00
2003/01/06 13:15 6.77 6.77 6.77 6.77 11.00 7447.00
2003/01/06 13:16 6.77 6.77 6.77 6.77 5.00 3385.00
2003/01/06 13:17 6.77 6.77 6.77 6.77 0.00 0.00
2003/01/06 13:18 6.77 6.77 6.77 6.77 0.00 0.00
2003/01/06 13:19 6.77 6.77 6.77 6.77 1.12 758.00
2003/01/06 13:20 6.76 6.76 6.76 6.76 10.00 6764.00
2003/01/06 13:21 6.76 6.76 6.76 6.76 0.00 0.00
2003/01/06 13:22 6.76 6.76 6.76 6.76 0.00 0.00
2003/01/06 13:23 6.76 6.76 6.76 6.76 0.00 0.00
2003/01/06 13:24 6.76 6.76 6.76 6.76 0.00 0.00
2003/01/06 13:25 6.76 6.76 6.76 6.76 0.00 0.00
2003/01/06 13:26 6.76 6.76 6.76 6.76 0.00 0.00
2003/01/06 13:27 6.76 6.76 6.76 6.76 0.00 0.00
2003/01/06 13:28 6.78 6.78 6.78 6.78 1.00 678.00
2003/01/06 13:29 6.78 6.78 6.78 6.78 0.00 0.00
2003/01/06 13:30 6.78 6.78 6.78 6.78 10.00 6780.00
2003/01/06 13:31 6.77 6.77 6.77 6.77 15.00 10155.00
2003/01/06 13:32 6.77 6.77 6.77 6.77 5.00 3385.00
2003/01/06 13:33 6.77 6.77 6.77 6.77 0.00 0.00
2003/01/06 13:34 6.77 6.77 6.77 6.77 4.00 2708.00
2003/01/06 13:35 6.77 6.77 6.77 6.77 0.00 0.00
2003/01/06 13:36 6.77 6.77 6.77 6.77 12.00 8124.00
2003/01/06 13:37 6.76 6.77 6.76 6.77 32.64 22089.00
2003/01/06 13:38 6.77 6.77 6.77 6.77 2.40 1624.00
2003/01/06 13:39 6.78 6.78 6.78 6.78 3.00 2034.00
2003/01/06 13:40 6.78 6.78 6.78 6.78 10.00 6780.00
2003/01/06 13:41 6.78 6.78 6.78 6.78 14.00 9492.00
2003/01/06 13:42 6.78 6.78 6.78 6.78 0.00 0.00
2003/01/06 13:43 6.78 6.78 6.78 6.78 0.00 0.00
2003/01/06 13:44 6.78 6.79 6.78 6.79 18.48 12540.00
2003/01/06 13:45 6.79 6.79 6.79 6.79 0.00 0.00
2003/01/06 13:46 6.78 6.78 6.78 6.78 4.00 2712.00
2003/01/06 13:47 6.79 6.79 6.79 6.79 8.00 5427.00
2003/01/06 13:48 6.79 6.79 6.79 6.79 57.00 38703.00
2003/01/06 13:49 6.79 6.79 6.79 6.79 2.00 1358.00
2003/01/06 13:50 6.80 6.80 6.80 6.80 33.00 22437.00
2003/01/06 13:51 6.79 6.80 6.79 6.80 104.00 70670.00
2003/01/06 13:52 6.80 6.80 6.80 6.80 0.00 0.00
2003/01/06 13:53 6.80 6.80 6.80 6.80 12.60 8568.00
2003/01/06 13:54 6.80 6.80 6.80 6.80 23.40 15912.00
2003/01/06 13:55 6.80 6.80 6.80 6.80 0.00 0.00
2003/01/06 13:56 6.80 6.80 6.80 6.80 0.00 0.00
2003/01/06 13:57 6.80 6.80 6.80 6.80 0.00 0.00
2003/01/06 13:58 6.80 6.80 6.80 6.80 20.00 13600.00
2003/01/06 13:59 6.80 6.80 6.80 6.80 0.00 0.00
2003/01/06 14:00 6.81 6.81 6.81 6.81 14.00 9529.00
2003/01/06 14:01 6.80 6.80 6.80 6.80 20.00 13600.00
2003/01/06 14:02 6.80 6.80 6.80 6.80 0.00 0.00
2003/01/06 14:03 6.81 6.81 6.81 6.81 40.00 27240.00
2003/01/06 14:04 6.81 6.81 6.81 6.81 5.60 3814.00
2003/01/06 14:05 6.81 6.83 6.81 6.83 63.20 43150.00
2003/01/06 14:06 6.82 6.83 6.82 6.83 38.00 25919.00
2003/01/06 14:07 6.83 6.83 6.83 6.83 22.00 15026.00
2003/01/06 14:08 6.83 6.83 6.83 6.83 2.00 1366.00
2003/01/06 14:09 6.83 6.83 6.83 6.83 8.00 5464.00
2003/01/06 14:10 6.83 6.83 6.83 6.83 3.00 2049.00
2003/01/06 14:11 6.82 6.82 6.82 6.82 25.00 17050.00
2003/01/06 14:12 6.82 6.82 6.81 6.81 45.00 30674.00
2003/01/06 14:13 6.81 6.81 6.81 6.81 5.00 3405.00
2003/01/06 14:14 6.81 6.81 6.81 6.81 0.00 0.00
2003/01/06 14:15 6.82 6.82 6.82 6.82 6.00 4092.00
2003/01/06 14:16 6.83 6.83 6.83 6.83 58.02 39624.00
2003/01/06 14:17 6.83 6.83 6.83 6.83 0.00 0.00
2003/01/06 14:18 6.83 6.83 6.83 6.83 1.98 1352.00
2003/01/06 14:19 6.83 6.83 6.83 6.83 0.00 0.00
2003/01/06 14:20 6.84 6.84 6.84 6.84 10.00 6835.00
2003/01/06 14:21 6.84 6.84 6.84 6.84 31.22 21351.00
2003/01/06 14:22 6.84 6.84 6.84 6.84 30.00 20520.00
2003/01/06 14:23 6.84 6.84 6.84 6.84 50.78 34734.00
2003/01/06 14:24 6.82 6.82 6.82 6.82 310.00 211420.00
2003/01/06 14:25 6.81 6.81 6.81 6.81 2.00 1362.00
2003/01/06 14:26 6.81 6.81 6.81 6.81 8.80 5999.00
2003/01/06 14:27 6.81 6.81 6.81 6.81 0.00 0.00
2003/01/06 14:28 6.81 6.81 6.81 6.81 44.80 30524.00
2003/01/06 14:29 6.82 6.82 6.82 6.82 10.00 6820.00
2003/01/06 14:30 6.81 6.81 6.81 6.81 45.60 31054.00
2003/01/06 14:31 6.80 6.80 6.80 6.80 10.00 6800.00
2003/01/06 14:32 6.80 6.80 6.80 6.80 0.00 0.00
2003/01/06 14:33 6.80 6.81 6.80 6.81 44.40 30227.00
2003/01/06 14:34 6.81 6.81 6.81 6.81 0.00 0.00
2003/01/06 14:35 6.81 6.81 6.81 6.81 13.00 8853.00
2003/01/06 14:36 6.82 6.82 6.82 6.82 4.00 2728.00
2003/01/06 14:37 6.82 6.82 6.82 6.82 3.00 2046.00
2003/01/06 14:38 6.82 6.82 6.82 6.82 0.00 0.00
2003/01/06 14:39 6.82 6.82 6.82 6.82 0.00 0.00
2003/01/06 14:40 6.82 6.82 6.82 6.82 0.00 0.00
2003/01/06 14:41 6.82 6.82 6.81 6.81 80.00 54520.00
2003/01/06 14:42 6.81 6.81 6.81 6.81 11.00 7491.00
2003/01/06 14:43 6.81 6.81 6.81 6.81 0.00 0.00
2003/01/06 14:44 6.81 6.81 6.81 6.81 0.00 0.00
2003/01/06 14:45 6.82 6.82 6.82 6.82 123.00 83886.00
2003/01/06 14:46 6.82 6.82 6.82 6.82 34.00 23188.00
2003/01/06 14:47 6.82 6.82 6.82 6.82 0.00 0.00
2003/01/06 14:48 6.82 6.82 6.82 6.82 0.00 0.00
2003/01/06 14:49 6.83 6.83 6.83 6.83 3.22 2200.00
2003/01/06 14:50 6.84 6.84 6.84 6.84 20.00 13680.00
2003/01/06 14:51 6.84 6.84 6.84 6.84 6.00 4104.00
2003/01/06 14:52 6.84 6.84 6.84 6.84 21.00 14364.00
2003/01/06 14:53 6.84 6.84 6.83 6.83 52.78 36103.00
2003/01/06 14:54 6.83 6.83 6.83 6.83 6.00 4098.00
2003/01/06 14:55 6.83 6.83 6.83 6.83 0.00 0.00
2003/01/06 14:56 6.83 6.83 6.83 6.83 0.00 0.00
2003/01/06 14:57 6.82 6.82 6.82 6.82 16.00 10857.38
2003/01/06 14:58 6.83 6.83 6.83 6.83 4.00 2732.00
2003/01/06 14:59 6.82 6.83 6.82 6.83 38.20 26135.63
2003/01/06 15:01 6.84 6.84 6.84 6.84 5.00 3420.00
2003/01/07 09:31 6.90 6.90 6.85 6.85 22.00 15145.00
2003/01/07 09:32 6.85 6.85 6.85 6.85 35.00 24092.00
2003/01/07 09:33 6.88 6.88 6.88 6.88 5.00 3440.00
2003/01/07 09:34 6.88 6.88 6.88 6.88 0.00 0.00
2003/01/07 09:35 6.85 6.85 6.85 6.85 3.00 2055.00
2003/01/07 09:36 6.85 6.85 6.85 6.85 0.00 0.00
2003/01/07 09:37 6.85 6.85 6.85 6.85 8.00 5480.00
2003/01/07 09:38 6.85 6.85 6.85 6.85 0.00 0.00
2003/01/07 09:39 6.85 6.85 6.85 6.85 5.00 3425.00
2003/01/07 09:40 6.85 6.85 6.85 6.85 0.00 0.00
2003/01/07 09:41 6.85 6.85 6.85 6.85 18.00 12330.00
2003/01/07 09:42 6.85 6.85 6.85 6.85 0.00 0.00
2003/01/07 09:43 6.85 6.85 6.85 6.85 5.00 3425.00
2003/01/07 09:44 6.85 6.85 6.85 6.85 0.00 0.00
2003/01/07 09:45 6.85 6.86 6.85 6.86 62.00 42472.00
2003/01/07 09:46 6.86 6.86 6.86 6.86 0.00 0.00
2003/01/07 09:47 6.85 6.86 6.85 6.86 38.00 26058.00
2003/01/07 09:48 6.86 6.86 6.86 6.86 32.00 21952.00
2003/01/07 09:49 6.86 6.86 6.86 6.86 15.00 10290.00
2003/01/07 09:50 6.87 6.87 6.87 6.87 11.00 7557.00
2003/01/07 09:51 6.88 6.88 6.88 6.88 32.68 22470.00
2003/01/07 09:52 6.90 6.90 6.90 6.90 5.00 3450.00
2003/01/07 09:53 6.90 6.90 6.90 6.90 59.00 40710.00
2003/01/07 09:54 6.92 6.92 6.92 6.92 23.00 15916.00
2003/01/07 09:55 6.92 6.92 6.92 6.92 44.00 30448.00
2003/01/07 09:56 6.93 6.93 6.92 6.93 18.00 12472.00
2003/01/07 09:57 6.95 6.95 6.94 6.94 60.00 41690.00
2003/01/07 09:58 6.95 6.95 6.95 6.95 16.00 11110.00
2003/01/07 09:59 6.95 6.95 6.95 6.95 0.00 0.00
2003/01/07 10:00 6.95 6.95 6.95 6.95 52.60 36564.00
2003/01/07 10:01 6.95 6.95 6.95 6.95 67.40 46843.00
2003/01/07 10:02 6.97 6.97 6.93 6.93 48.00 33363.00
2003/01/07 10:03 6.96 6.96 6.96 6.96 11.00 7656.00
2003/01/07 10:04 6.93 6.93 6.93 6.93 44.00 30502.00
2003/01/07 10:05 6.95 6.95 6.95 6.95 38.00 26378.00
2003/01/07 10:06 6.92 6.92 6.92 6.92 29.00 20068.00
2003/01/07 10:07 6.91 6.91 6.91 6.91 20.00 13820.00
2003/01/07 10:08 6.90 6.90 6.90 6.90 50.00 34500.00
2003/01/07 10:09 6.92 6.92 6.92 6.92 1.00 692.00
2003/01/07 10:10 6.92 6.92 6.92 6.92 0.00 0.00
2003/01/07 10:11 6.93 6.93 6.93 6.93 39.62 27457.00
2003/01/07 10:12 6.93 6.93 6.93 6.93 5.00 3465.00
2003/01/07 10:13 6.93 6.93 6.93 6.93 10.00 6930.00
2003/01/07 10:14 6.93 6.93 6.93 6.93 5.00 3465.00
2003/01/07 10:15 6.93 6.93 6.93 6.93 5.00 3465.00
2003/01/07 10:16 6.93 6.93 6.93 6.93 5.00 3465.00
2003/01/07 10:17 6.93 6.94 6.93 6.94 9.00 6242.00
2003/01/07 10:18 6.94 6.94 6.94 6.94 63.00 43722.00
2003/01/07 10:19 6.94 6.94 6.94 6.94 12.00 8328.00
2003/01/07 10:20 6.94 6.95 6.94 6.95 108.43 75328.00
2003/01/07 10:21 6.96 6.96 6.95 6.95 22.00 15307.00
2003/01/07 10:22 6.95 6.96 6.95 6.95 86.57 60216.00
2003/01/07 10:23 6.95 6.95 6.95 6.95 0.00 0.00
2003/01/07 10:24 6.95 6.95 6.94 6.94 45.00 31235.00
2003/01/07 10:25 6.94 6.94 6.93 6.93 83.38 57786.00
2003/01/07 10:26 6.92 6.92 6.92 6.92 4.00 2768.00
2003/01/07 10:27 6.91 6.91 6.91 6.91 5.00 3467.88
2003/01/07 10:28 6.91 6.91 6.91 6.91 7.00 4837.00
2003/01/07 10:29 6.91 6.91 6.91 6.91 0.00 0.00
2003/01/07 10:30 6.90 6.90 6.90 6.90 7.20 4968.00
2003/01/07 10:31 6.90 6.90 6.90 6.90 0.00 0.00
2003/01/07 10:32 6.90 6.90 6.90 6.90 17.40 12006.00
2003/01/07 10:33 6.90 6.90 6.90 6.90 0.00 0.00
2003/01/07 10:34 6.90 6.90 6.90 6.90 0.00 0.00
2003/01/07 10:35 6.90 6.90 6.90 6.90 46.40 32003.13
2003/01/07 10:36 6.90 6.90 6.90 6.90 21.60 14904.00
2003/01/07 10:37 6.92 6.92 6.90 6.90 8.00 5526.00
2003/01/07 10:38 6.90 6.90 6.90 6.90 0.00 0.00
2003/01/07 10:39 6.90 6.90 6.90 6.90 8.40 5796.00
2003/01/07 10:40 6.90 6.90 6.89 6.89 18.00 12419.00
2003/01/07 10:41 6.90 6.90 6.90 6.90 20.00 13800.00
2003/01/07 10:42 6.90 6.90 6.90 6.90 0.00 0.00
2003/01/07 10:43 6.90 6.90 6.90 6.90 0.00 0.00
2003/01/07 10:44 6.89 6.89 6.89 6.89 20.00 13780.00
2003/01/07 10:45 6.89 6.89 6.89 6.89 0.00 0.00
2003/01/07 10:46 6.88 6.88 6.88 6.88 104.60 71965.00
2003/01/07 10:47 6.88 6.88 6.88 6.88 33.40 22979.00
2003/01/07 10:48 6.87 6.87 6.86 6.86 24.00 16468.00
2003/01/07 10:49 6.85 6.85 6.85 6.85 52.00 35620.00
2003/01/07 10:50 6.85 6.85 6.85 6.85 30.00 20570.00
2003/01/07 10:51 6.85 6.85 6.85 6.85 0.00 0.00
2003/01/07 10:52 6.85 6.85 6.85 6.85 26.00 17810.00
2003/01/07 10:53 6.85 6.85 6.85 6.85 20.00 13700.00
2003/01/07 10:54 6.85 6.85 6.85 6.85 10.00 6850.00
2003/01/07 10:55 6.85 6.85 6.85 6.85 7.00 4795.00
2003/01/07 10:56 6.85 6.85 6.85 6.85 0.00 0.00
2003/01/07 10:57 6.85 6.85 6.85 6.85 2.00 1370.00
2003/01/07 10:58 6.85 6.85 6.85 6.85 10.00 6850.00
2003/01/07 10:59 6.85 6.85 6.85 6.85 19.91 13638.00
2003/01/07 11:00 6.85 6.85 6.85 6.85 0.00 0.00
2003/01/07 11:01 6.85 6.85 6.85 6.85 50.00 34254.00
2003/01/07 11:02 6.85 6.85 6.85 6.85 0.00 0.00
2003/01/07 11:03 6.86 6.86 6.86 6.86 8.00 5488.00
2003/01/07 11:04 6.86 6.86 6.86 6.86 20.00 13720.00
2003/01/07 11:05 6.86 6.86 6.86 6.86 10.00 6860.00
2003/01/07 11:06 6.85 6.85 6.85 6.85 5.00 3425.00
2003/01/07 11:07 6.85 6.85 6.85 6.85 36.40 24934.00
2003/01/07 11:08 6.85 6.85 6.85 6.85 1.69 1158.00
2003/01/07 11:09 6.85 6.85 6.85 6.85 0.00 0.00
2003/01/07 11:10 6.84 6.84 6.84 6.84 5.00 3420.00
2003/01/07 11:11 6.84 6.84 6.84 6.84 0.00 0.00
2003/01/07 11:12 6.84 6.84 6.84 6.84 0.00 0.00
2003/01/07 11:13 6.84 6.84 6.84 6.84 2.00 1368.00
2003/01/07 11:14 6.84 6.84 6.84 6.84 0.00 0.00
2003/01/07 11:15 6.84 6.84 6.84 6.84 0.00 0.00
2003/01/07 11:16 6.84 6.84 6.84 6.84 9.00 6156.00
2003/01/07 11:17 6.84 6.84 6.84 6.84 0.00 0.00
2003/01/07 11:18 6.84 6.84 6.84 6.84 87.40 59781.00
2003/01/07 11:19 6.84 6.84 6.84 6.84 0.00 0.00
2003/01/07 11:20 6.84 6.84 6.84 6.84 0.00 0.00
2003/01/07 11:21 6.84 6.84 6.84 6.84 11.00 7524.00
2003/01/07 11:22 6.84 6.84 6.84 6.84 0.00 0.00
2003/01/07 11:23 6.84 6.84 6.84 6.84 20.00 13680.00
2003/01/07 11:24 6.84 6.84 6.84 6.84 0.00 0.00
2003/01/07 11:25 6.84 6.84 6.84 6.84 0.00 0.00
2003/01/07 11:26 6.84 6.84 6.84 6.84 0.00 0.00
2003/01/07 11:27 6.84 6.84 6.84 6.84 0.00 0.00
2003/01/07 11:28 6.85 6.85 6.85 6.85 4.00 2740.00
2003/01/07 11:29 6.85 6.85 6.85 6.85 0.00 0.00
2003/01/07 11:30 6.85 6.85 6.85 6.85 0.00 0.00
2003/01/07 11:31 6.84 6.85 6.84 6.85 37.00 25328.00
2003/01/07 13:02 6.85 6.85 6.85 6.85 4.00 2740.00
2003/01/07 13:03 6.85 6.85 6.85 6.85 7.00 4795.00
2003/01/07 13:04 6.85 6.85 6.85 6.85 0.00 0.00
2003/01/07 13:05 6.85 6.85 6.85 6.85 0.00 0.00
2003/01/07 13:06 6.85 6.85 6.85 6.85 0.00 0.00
2003/01/07 13:07 6.85 6.85 6.85 6.85 0.00 0.00
2003/01/07 13:08 6.84 6.84 6.84 6.84 4.00 2736.00
2003/01/07 13:09 6.84 6.84 6.84 6.84 0.00 0.00
2003/01/07 13:10 6.84 6.84 6.84 6.84 0.00 0.00
2003/01/07 13:11 6.84 6.84 6.84 6.84 0.00 0.00
2003/01/07 13:12 6.84 6.84 6.84 6.84 0.00 0.00
2003/01/07 13:13 6.84 6.84 6.84 6.84 0.00 0.00
2003/01/07 13:14 6.85 6.85 6.85 6.85 2.00 1370.00
2003/01/07 13:15 6.84 6.85 6.84 6.84 28.00 19162.00
2003/01/07 13:16 6.84 6.84 6.84 6.84 0.00 0.00
2003/01/07 13:17 6.84 6.84 6.84 6.84 0.00 0.00
2003/01/07 13:18 6.84 6.84 6.84 6.84 0.00 0.00
2003/01/07 13:19 6.84 6.84 6.84 6.84 10.00 6840.00
2003/01/07 13:20 6.84 6.84 6.84 6.84 0.00 0.00
2003/01/07 13:21 6.84 6.84 6.84 6.84 0.00 0.00
2003/01/07 13:22 6.84 6.84 6.84 6.84 0.00 0.00
2003/01/07 13:23 6.84 6.84 6.84 6.84 0.00 0.00
2003/01/07 13:24 6.84 6.84 6.84 6.84 0.00 0.00
2003/01/07 13:25 6.84 6.84 6.84 6.84 30.00 20520.00
2003/01/07 13:26 6.84 6.84 6.84 6.84 2.00 1368.00
2003/01/07 13:27 6.84 6.84 6.84 6.84 16.00 10944.00
2003/01/07 13:28 6.85 6.85 6.85 6.85 5.00 3425.00
2003/01/07 13:29 6.85 6.85 6.85 6.85 0.00 0.00
2003/01/07 13:30 6.85 6.85 6.85 6.85 20.00 13700.00
2003/01/07 13:31 6.85 6.85 6.85 6.85 2.00 1370.00
2003/01/07 13:32 6.84 6.84 6.84 6.84 2.00 1368.00
2003/01/07 13:33 6.84 6.84 6.84 6.84 3.00 2052.00
2003/01/07 13:34 6.85 6.85 6.84 6.84 35.00 23970.00
2003/01/07 13:35 6.84 6.84 6.84 6.84 15.00 10260.00
2003/01/07 13:36 6.84 6.84 6.84 6.84 0.00 0.00
2003/01/07 13:37 6.84 6.84 6.84 6.84 20.00 13680.00
2003/01/07 13:38 6.84 6.84 6.84 6.84 0.00 0.00
2003/01/07 13:39 6.84 6.84 6.84 6.84 0.00 0.00
2003/01/07 13:40 6.85 6.85 6.84 6.84 21.00 14365.00
2003/01/07 13:41 6.84 6.84 6.84 6.84 0.00 0.00
2003/01/07 13:42 6.83 6.83 6.83 6.83 150.00 102468.00
2003/01/07 13:43 6.83 6.83 6.83 6.83 0.00 0.00
2003/01/07 13:44 6.83 6.83 6.83 6.83 0.00 0.00
2003/01/07 13:45 6.83 6.83 6.83 6.83 0.00 0.00
2003/01/07 13:46 6.85 6.85 6.85 6.85 5.00 3425.00
2003/01/07 13:47 6.85 6.85 6.85 6.85 4.00 2740.00
2003/01/07 13:48 6.85 6.85 6.85 6.85 6.00 4110.00
2003/01/07 13:49 6.85 6.85 6.85 6.85 0.00 0.00
2003/01/07 13:50 6.85 6.85 6.85 6.85 0.00 0.00
2003/01/07 13:51 6.85 6.85 6.85 6.85 2.00 1370.00
2003/01/07 13:52 6.85 6.85 6.85 6.85 0.00 0.00
2003/01/07 13:53 6.85 6.85 6.85 6.85 0.00 0.00
2003/01/07 13:54 6.84 6.84 6.84 6.84 8.00 5472.00
2003/01/07 13:55 6.84 6.84 6.84 6.84 0.00 0.00
2003/01/07 13:56 6.84 6.84 6.84 6.84 11.00 7524.00
2003/01/07 13:57 6.83 6.83 6.83 6.83 11.00 7513.00
2003/01/07 13:58 6.83 6.84 6.83 6.83 95.60 65305.00
2003/01/07 13:59 6.82 6.82 6.82 6.82 23.00 15686.00
2003/01/07 14:00 6.82 6.82 6.82 6.82 0.00 0.00
2003/01/07 14:01 6.80 6.80 6.80 6.80 20.00 13600.00
2003/01/07 14:02 6.80 6.80 6.80 6.80 97.00 65960.00
2003/01/07 14:03 6.80 6.80 6.80 6.80 30.00 20400.00
2003/01/07 14:04 6.80 6.80 6.80 6.80 0.00 0.00
2003/01/07 14:05 6.78 6.78 6.78 6.78 10.00 6780.00
2003/01/07 14:06 6.78 6.78 6.78 6.78 0.00 0.00
2003/01/07 14:07 6.78 6.78 6.78 6.78 0.00 0.00
2003/01/07 14:08 6.78 6.78 6.78 6.78 0.00 0.00
2003/01/07 14:09 6.79 6.79 6.79 6.79 4.00 2716.00
2003/01/07 14:10 6.79 6.79 6.79 6.79 0.00 0.00
2003/01/07 14:11 6.79 6.79 6.79 6.79 0.00 0.00
2003/01/07 14:12 6.79 6.79 6.79 6.79 0.00 0.00
2003/01/07 14:13 6.80 6.80 6.80 6.80 6.00 4080.00
2003/01/07 14:14 6.80 6.80 6.80 6.80 5.00 3400.00
2003/01/07 14:15 6.80 6.80 6.80 6.80 0.00 0.00
2003/01/07 14:16 6.80 6.80 6.80 6.80 0.00 0.00
2003/01/07 14:17 6.80 6.80 6.80 6.80 0.00 0.00
2003/01/07 14:18 6.80 6.80 6.80 6.80 0.00 0.00
2003/01/07 14:19 6.80 6.80 6.80 6.80 0.00 0.00
2003/01/07 14:20 6.80 6.80 6.80 6.80 0.00 0.00
2003/01/07 14:21 6.80 6.80 6.80 6.80 0.00 0.00
2003/01/07 14:22 6.79 6.79 6.79 6.79 5.00 3395.00
2003/01/07 14:23 6.79 6.79 6.79 6.79 0.00 0.00
2003/01/07 14:24 6.78 6.78 6.78 6.78 19.00 12882.00
2003/01/07 14:25 6.78 6.78 6.78 6.78 0.00 0.00
2003/01/07 14:26 6.78 6.78 6.78 6.78 5.00 3390.00
2003/01/07 14:27 6.78 6.78 6.78 6.78 0.00 0.00
2003/01/07 14:28 6.78 6.78 6.78 6.78 11.00 7458.00
2003/01/07 14:29 6.78 6.78 6.78 6.78 0.00 0.00
2003/01/07 14:30 6.78 6.78 6.78 6.78 30.60 20747.00
2003/01/07 14:31 6.78 6.78 6.78 6.78 0.00 0.00
2003/01/07 14:32 6.78 6.78 6.78 6.78 0.00 0.00
2003/01/07 14:33 6.78 6.78 6.78 6.78 0.00 0.00
2003/01/07 14:34 6.78 6.78 6.78 6.78 28.40 19255.00
2003/01/07 14:35 6.78 6.78 6.78 6.78 0.00 0.00
2003/01/07 14:36 6.78 6.78 6.78 6.78 5.00 3390.00
2003/01/07 14:37 6.78 6.78 6.78 6.78 71.60 48545.00
2003/01/07 14:38 6.78 6.78 6.78 6.78 0.00 0.00
2003/01/07 14:39 6.78 6.78 6.78 6.78 0.00 0.00
2003/01/07 14:40 6.79 6.79 6.79 6.79 10.00 6790.00
2003/01/07 14:41 6.79 6.79 6.79 6.79 101.00 68540.00
2003/01/07 14:42 6.80 6.80 6.80 6.80 3.00 2040.00
2003/01/07 14:43 6.80 6.80 6.80 6.80 63.00 42840.00
2003/01/07 14:44 6.80 6.80 6.80 6.80 25.00 17000.00
2003/01/07 14:45 6.79 6.80 6.79 6.80 27.40 18614.00
2003/01/07 14:46 6.80 6.80 6.79 6.79 10.60 7202.00
2003/01/07 14:47 6.80 6.80 6.80 6.80 2.00 1360.00
2003/01/07 14:48 6.80 6.80 6.80 6.80 0.00 0.00
2003/01/07 14:49 6.80 6.80 6.80 6.80 6.00 4080.00
2003/01/07 14:50 6.80 6.80 6.80 6.80 0.00 0.00
2003/01/07 14:51 6.80 6.80 6.80 6.80 75.00 51000.00
2003/01/07 14:52 6.80 6.80 6.80 6.80 0.00 0.00
2003/01/07 14:53 6.80 6.80 6.80 6.80 8.00 5415.00
2003/01/07 14:54 6.80 6.80 6.80 6.80 45.00 30600.00
2003/01/07 14:55 6.80 6.80 6.80 6.80 0.00 0.00
2003/01/07 14:56 6.81 6.81 6.80 6.80 12.00 8167.00
2003/01/07 14:57 6.81 6.82 6.81 6.82 44.00 29968.00
2003/01/07 14:58 6.82 6.82 6.82 6.82 0.00 0.00
2003/01/07 14:59 6.82 6.82 6.82 6.82 14.00 9548.00
2003/01/07 15:01 6.82 6.82 6.82 6.82 6.00 4118.00
2003/01/08 09:31 6.82 6.82 6.82 6.82 0.00 0.00
2003/01/08 09:32 6.82 6.82 6.82 6.82 0.00 0.00
2003/01/08 09:33 6.82 6.82 6.82 6.82 0.00 0.00
2003/01/08 09:34 6.82 6.82 6.82 6.82 10.00 6820.00
2003/01/08 09:35 6.82 6.82 6.82 6.82 0.00 0.00
2003/01/08 09:36 6.82 6.82 6.82 6.82 2.00 1364.00
2003/01/08 09:37 6.82 6.82 6.82 6.82 5.00 3410.00
2003/01/08 09:38 6.82 6.82 6.82 6.82 0.00 0.00
2003/01/08 09:39 6.82 6.82 6.82 6.82 0.00 0.00
2003/01/08 09:40 6.82 6.82 6.82 6.82 3.00 2046.00
2003/01/08 09:41 6.80 6.80 6.80 6.80 7.00 4760.00
2003/01/08 09:42 6.80 6.80 6.80 6.80 0.00 0.00
2003/01/08 09:43 6.80 6.80 6.80 6.80 10.00 6800.00
2003/01/08 09:44 6.80 6.80 6.80 6.80 0.00 0.00
2003/01/08 09:45 6.80 6.80 6.80 6.80 0.00 0.00
2003/01/08 09:46 6.80 6.80 6.80 6.80 0.00 0.00
2003/01/08 09:47 6.80 6.80 6.80 6.80 0.00 0.00
2003/01/08 09:48 6.80 6.80 6.80 6.80 0.00 0.00
2003/01/08 09:49 6.80 6.80 6.80 6.80 0.00 0.00
2003/01/08 09:50 6.80 6.80 6.80 6.80 0.00 0.00
2003/01/08 09:51 6.85 6.85 6.85 6.85 35.20 24112.00
2003/01/08 09:52 6.85 6.85 6.85 6.85 0.00 0.00
2003/01/08 09:53 6.85 6.85 6.85 6.85 0.00 0.00
2003/01/08 09:54 6.85 6.85 6.85 6.85 0.00 0.00
2003/01/08 09:55 6.85 6.85 6.85 6.85 0.00 0.00
2003/01/08 09:56 6.85 6.85 6.85 6.85 0.00 0.00
2003/01/08 09:57 6.85 6.87 6.85 6.87 13.00 8919.00
2003/01/08 09:58 6.87 6.87 6.87 6.87 0.00 0.00
2003/01/08 09:59 6.85 6.85 6.85 6.85 4.00 2740.00
2003/01/08 10:00 6.85 6.85 6.85 6.85 0.00 0.00
2003/01/08 10:01 6.85 6.85 6.85 6.85 0.00 0.00
2003/01/08 10:02 6.85 6.85 6.85 6.85 0.00 0.00
2003/01/08 10:03 6.85 6.85 6.85 6.85 5.00 3425.00
2003/01/08 10:04 6.85 6.85 6.85 6.85 0.00 0.00
2003/01/08 10:05 6.85 6.85 6.85 6.85 0.00 0.00
2003/01/08 10:06 6.87 6.87 6.87 6.87 10.00 6870.00
2003/01/08 10:07 6.87 6.87 6.87 6.87 0.00 0.00
2003/01/08 10:08 6.87 6.87 6.87 6.87 10.00 6870.00
2003/01/08 10:09 6.87 6.87 6.87 6.87 0.00 0.00
2003/01/08 10:10 6.87 6.87 6.87 6.87 0.00 0.00
2003/01/08 10:11 6.87 6.87 6.87 6.87 0.00 0.00
2003/01/08 10:12 6.87 6.87 6.87 6.87 24.60 16900.20
2003/01/08 10:13 6.87 6.87 6.87 6.87 0.00 0.00
2003/01/08 10:14 6.88 6.88 6.88 6.88 3.60 2476.80
2003/01/08 10:15 6.88 6.88 6.88 6.88 0.00 0.00
2003/01/08 10:16 6.88 6.88 6.88 6.88 0.00 0.00
2003/01/08 10:17 6.88 6.88 6.88 6.88 8.40 5779.20
2003/01/08 10:18 6.88 6.88 6.88 6.88 0.00 0.00
2003/01/08 10:19 6.88 6.88 6.88 6.88 0.00 0.00
2003/01/08 10:20 6.88 6.88 6.88 6.88 0.00 0.00
2003/01/08 10:21 6.88 6.88 6.88 6.88 0.00 0.00
2003/01/08 10:22 6.88 6.88 6.88 6.88 0.00 0.00
2003/01/08 10:23 6.88 6.88 6.88 6.88 0.00 0.00
2003/01/08 10:24 6.88 6.88 6.88 6.88 0.00 0.00
2003/01/08 10:25 6.88 6.88 6.88 6.88 0.00 0.00
2003/01/08 10:26 6.85 6.85 6.85 6.85 58.20 39867.80
2003/01/08 10:27 6.83 6.83 6.83 6.83 15.00 10245.00
2003/01/08 10:28 6.83 6.83 6.83 6.83 5.00 3415.00
2003/01/08 10:29 6.85 6.85 6.85 6.85 5.00 3425.00
2003/01/08 10:30 6.83 6.83 6.83 6.83 10.00 6830.00
2003/01/08 10:31 6.83 6.83 6.83 6.83 0.00 0.00
2003/01/08 10:32 6.83 6.83 6.83 6.83 0.00 0.00
2003/01/08 10:33 6.83 6.83 6.83 6.83 0.00 0.00
2003/01/08 10:34 6.83 6.83 6.83 6.83 10.00 6830.00
2003/01/08 10:35 6.83 6.83 6.83 6.83 0.00 0.00
2003/01/08 10:36 6.85 6.85 6.85 6.85 3.00 2055.00
2003/01/08 10:37 6.85 6.85 6.85 6.85 0.00 0.00
2003/01/08 10:38 6.85 6.85 6.85 6.85 0.00 0.00
2003/01/08 10:39 6.85 6.85 6.85 6.85 2.00 1370.00
2003/01/08 10:40 6.85 6.85 6.85 6.85 0.00 0.00
2003/01/08 10:41 6.85 6.85 6.85 6.85 0.00 0.00
2003/01/08 10:42 6.85 6.85 6.85 6.85 105.00 71925.00
2003/01/08 10:43 6.85 6.86 6.85 6.86 31.40 21530.41
2003/01/08 10:44 6.87 6.87 6.87 6.87 30.00 20610.00
2003/01/08 10:45 6.88 6.88 6.88 6.88 37.67 25916.97
2003/01/08 10:46 6.88 6.88 6.88 6.88 0.00 0.00
2003/01/08 10:47 6.88 6.88 6.88 6.88 5.00 3440.00
2003/01/08 10:48 6.88 6.88 6.88 6.88 7.33 5043.03
2003/01/08 10:49 6.88 6.88 6.88 6.88 0.00 0.00
2003/01/08 10:50 6.88 6.88 6.88 6.88 0.00 0.00
2003/01/08 10:51 6.88 6.88 6.88 6.88 0.00 0.00
2003/01/08 10:52 6.86 6.86 6.86 6.86 8.60 5899.59
2003/01/08 10:53 6.86 6.86 6.86 6.86 0.00 0.00
2003/01/08 10:54 6.86 6.86 6.86 6.86 0.00 0.00
2003/01/08 10:55 6.86 6.86 6.86 6.86 0.00 0.00
2003/01/08 10:56 6.86 6.86 6.86 6.86 5.40 3704.41
2003/01/08 10:57 6.86 6.86 6.86 6.86 0.00 0.00
2003/01/08 10:58 6.86 6.86 6.86 6.86 0.00 0.00
2003/01/08 10:59 6.86 6.86 6.86 6.86 0.00 0.00
2003/01/08 11:00 6.87 6.87 6.87 6.87 6.00 4122.00
2003/01/08 11:01 6.87 6.87 6.87 6.87 50.00 34350.00
2003/01/08 11:02 6.87 6.87 6.86 6.86 10.00 6865.00
2003/01/08 11:03 6.87 6.87 6.87 6.87 10.00 6870.00
2003/01/08 11:04 6.87 6.87 6.87 6.87 0.00 0.00
2003/01/08 11:05 6.87 6.87 6.87 6.87 0.00 0.00
2003/01/08 11:06 6.86 6.86 6.85 6.85 41.10 28162.31
2003/01/08 11:07 6.85 6.85 6.85 6.85 0.00 0.00
2003/01/08 11:08 6.86 6.86 6.86 6.86 4.00 2744.00
2003/01/08 11:09 6.86 6.86 6.86 6.86 0.00 0.00
2003/01/08 11:10 6.86 6.86 6.86 6.86 0.00 0.00
2003/01/08 11:11 6.86 6.86 6.86 6.86 0.00 0.00
2003/01/08 11:12 6.86 6.86 6.86 6.86 0.00 0.00
2003/01/08 11:13 6.85 6.85 6.85 6.85 10.00 6850.00
2003/01/08 11:14 6.85 6.85 6.85 6.85 0.00 0.00
2003/01/08 11:15 6.85 6.85 6.85 6.85 22.50 15412.50
2003/01/08 11:16 6.85 6.85 6.85 6.85 0.00 0.00
2003/01/08 11:17 6.85 6.85 6.85 6.85 0.00 0.00
2003/01/08 11:18 6.85 6.85 6.85 6.85 6.00 4110.00
2003/01/08 11:19 6.85 6.85 6.85 6.85 0.00 0.00
2003/01/08 11:20 6.83 6.83 6.83 6.83 17.00 11611.00
2003/01/08 11:21 6.83 6.83 6.83 6.83 0.00 0.00
2003/01/08 11:22 6.83 6.83 6.83 6.83 7.00 4781.00
2003/01/08 11:23 6.85 6.85 6.85 6.85 5.00 3425.00
2003/01/08 11:24 6.85 6.85 6.85 6.85 0.00 0.00
2003/01/08 11:25 6.85 6.85 6.85 6.85 0.00 0.00
2003/01/08 11:26 6.85 6.85 6.85 6.85 0.00 0.00
2003/01/08 11:27 6.85 6.85 6.85 6.85 0.00 0.00
2003/01/08 11:28 6.85 6.85 6.85 6.85 0.00 0.00
2003/01/08 11:29 6.85 6.85 6.85 6.85 0.00 0.00
2003/01/08 11:30 6.85 6.85 6.85 6.85 0.00 0.00
2003/01/08 11:31 6.83 6.83 6.83 6.83 8.64 5901.13
2003/01/08 13:02 6.84 6.84 6.84 6.84 1.00 684.00
2003/01/08 13:03 6.84 6.84 6.84 6.84 0.00 0.00
2003/01/08 13:04 6.84 6.84 6.84 6.84 0.00 0.00
2003/01/08 13:05 6.84 6.84 6.84 6.84 0.00 0.00
2003/01/08 13:06 6.84 6.84 6.84 6.84 0.00 0.00
2003/01/08 13:07 6.84 6.84 6.84 6.84 0.00 0.00
2003/01/08 13:08 6.84 6.84 6.84 6.84 0.00 0.00
2003/01/08 13:09 6.84 6.84 6.84 6.84 0.00 0.00
2003/01/08 13:10 6.84 6.84 6.84 6.84 5.40 3693.59
2003/01/08 13:11 6.84 6.84 6.84 6.84 0.00 0.00
2003/01/08 13:12 6.84 6.84 6.84 6.84 0.00 0.00
2003/01/08 13:13 6.84 6.84 6.84 6.84 3.00 2052.00
2003/01/08 13:14 6.84 6.84 6.84 6.84 0.00 0.00
2003/01/08 13:15 6.84 6.84 6.84 6.84 0.00 0.00
2003/01/08 13:16 6.84 6.84 6.84 6.84 17.00 11628.00
2003/01/08 13:17 6.84 6.84 6.84 6.84 0.00 0.00
2003/01/08 13:18 6.84 6.84 6.84 6.84 0.00 0.00
2003/01/08 13:19 6.84 6.84 6.84 6.84 3.60 2462.41
2003/01/08 13:20 6.84 6.84 6.84 6.84 5.00 3420.00
2003/01/08 13:21 6.84 6.84 6.84 6.84 0.00 0.00
2003/01/08 13:22 6.83 6.83 6.83 6.83 2.00 1366.00
2003/01/08 13:23 6.83 6.83 6.83 6.83 0.00 0.00
2003/01/08 13:24 6.83 6.83 6.83 6.83 0.00 0.00
2003/01/08 13:25 6.83 6.83 6.83 6.83 0.00 0.00
2003/01/08 13:26 6.83 6.83 6.83 6.83 0.00 0.00
2003/01/08 13:27 6.83 6.83 6.83 6.83 0.00 0.00
2003/01/08 13:28 6.84 6.84 6.84 6.84 4.00 2736.00
2003/01/08 13:29 6.84 6.84 6.84 6.84 2.00 1368.00
2003/01/08 13:30 6.84 6.84 6.84 6.84 14.40 9849.59
2003/01/08 13:31 6.85 6.85 6.85 6.85 5.00 3425.00
2003/01/08 13:32 6.85 6.85 6.85 6.85 0.00 0.00
2003/01/08 13:33 6.85 6.85 6.85 6.85 0.00 0.00
2003/01/08 13:34 6.85 6.85 6.85 6.85 5.00 3425.00
2003/01/08 13:35 6.85 6.85 6.85 6.85 0.00 0.00
2003/01/08 13:36 6.85 6.85 6.85 6.85 1.00 685.00
2003/01/08 13:37 6.85 6.85 6.85 6.85 10.00 6850.00
2003/01/08 13:38 6.85 6.85 6.85 6.85 40.00 27400.00
2003/01/08 13:39 6.85 6.85 6.85 6.85 13.00 8905.00
2003/01/08 13:40 6.85 6.85 6.85 6.85 10.00 6850.00
2003/01/08 13:41 6.85 6.85 6.85 6.85 5.00 3425.00
2003/01/08 13:42 6.84 6.84 6.84 6.84 10.60 7250.38
2003/01/08 13:43 6.84 6.84 6.84 6.84 0.00 0.00
2003/01/08 13:44 6.84 6.84 6.84 6.84 4.40 3009.63
2003/01/08 13:45 6.84 6.84 6.84 6.84 0.00 0.00
2003/01/08 13:46 6.84 6.84 6.84 6.84 0.00 0.00
2003/01/08 13:47 6.84 6.84 6.84 6.84 25.60 17510.38
2003/01/08 13:48 6.84 6.84 6.84 6.84 0.00 0.00
2003/01/08 13:49 6.84 6.84 6.84 6.84 0.00 0.00
2003/01/08 13:50 6.82 6.82 6.82 6.82 20.00 13640.00
2003/01/08 13:51 6.82 6.82 6.82 6.82 0.00 0.00
2003/01/08 13:52 6.82 6.82 6.82 6.82 0.00 0.00
2003/01/08 13:53 6.83 6.83 6.83 6.83 20.00 13660.00
2003/01/08 13:54 6.83 6.84 6.82 6.84 14.00 9571.00
2003/01/08 13:55 6.84 6.84 6.84 6.84 10.00 6840.00
2003/01/08 13:56 6.84 6.84 6.84 6.84 0.00 0.00
2003/01/08 13:57 6.84 6.84 6.84 6.84 6.90 4719.63
2003/01/08 13:58 6.84 6.84 6.84 6.84 0.00 0.00
2003/01/08 13:59 6.85 6.85 6.85 6.85 30.00 20550.00
2003/01/08 14:00 6.84 6.85 6.84 6.85 11.50 7867.50
2003/01/08 14:01 6.85 6.85 6.85 6.85 5.00 3425.00
2003/01/08 14:02 6.85 6.85 6.85 6.85 34.44 23591.38
2003/01/08 14:03 6.88 6.88 6.84 6.84 67.16 46105.44
2003/01/08 14:04 6.84 6.84 6.84 6.84 3.00 2052.00
2003/01/08 14:05 6.84 6.84 6.84 6.84 0.00 0.00
2003/01/08 14:06 6.84 6.84 6.84 6.84 0.00 0.00
2003/01/08 14:07 6.85 6.88 6.85 6.88 49.30 33915.38
2003/01/08 14:08 6.86 6.86 6.86 6.86 9.70 6654.19
2003/01/08 14:09 6.86 6.86 6.86 6.86 0.00 0.00
2003/01/08 14:10 6.86 6.86 6.86 6.86 20.00 13720.00
2003/01/08 14:11 6.86 6.86 6.86 6.86 0.00 0.00
2003/01/08 14:12 6.86 6.86 6.86 6.86 16.00 10976.00
2003/01/08 14:13 6.86 6.86 6.86 6.86 0.00 0.00
2003/01/08 14:14 6.86 6.86 6.86 6.86 0.00 0.00
2003/01/08 14:15 6.86 6.86 6.85 6.85 104.00 71337.00
2003/01/08 14:16 6.85 6.85 6.85 6.85 18.00 12330.00
2003/01/08 14:17 6.85 6.85 6.85 6.85 8.60 5891.00
2003/01/08 14:18 6.84 6.84 6.84 6.84 10.00 6840.00
2003/01/08 14:19 6.85 6.85 6.85 6.85 20.00 13700.00
2003/01/08 14:20 6.85 6.85 6.85 6.85 0.00 0.00
2003/01/08 14:21 6.85 6.85 6.85 6.85 0.00 0.00
2003/01/08 14:22 6.85 6.85 6.85 6.85 1.00 685.00
2003/01/08 14:23 6.85 6.85 6.85 6.85 0.00 0.00
2003/01/08 14:24 6.85 6.85 6.85 6.85 9.00 6165.00
2003/01/08 14:25 6.84 6.84 6.84 6.84 21.60 14774.38
2003/01/08 14:26 6.84 6.84 6.84 6.84 0.00 0.00
2003/01/08 14:27 6.84 6.85 6.84 6.85 63.00 43095.00
2003/01/08 14:28 6.85 6.86 6.85 6.86 27.00 18505.00
2003/01/08 14:29 6.86 6.86 6.86 6.86 19.00 13034.00
2003/01/08 14:30 6.86 6.86 6.86 6.86 204.80 140492.81
2003/01/08 14:31 6.88 6.90 6.88 6.90 66.72 45915.38
2003/01/08 14:32 6.90 6.90 6.90 6.90 159.30 109917.00
2003/01/08 14:33 6.90 6.93 6.90 6.93 60.00 41550.00
2003/01/08 14:34 6.93 6.93 6.93 6.93 74.40 51559.25
2003/01/08 14:35 6.96 6.96 6.93 6.93 121.00 84207.00
2003/01/08 14:36 6.96 6.98 6.96 6.98 80.00 55740.00
2003/01/08 14:37 6.96 6.97 6.96 6.97 8.00 5573.00
2003/01/08 14:38 6.98 6.98 6.98 6.98 78.00 54444.00
2003/01/08 14:39 6.98 6.98 6.98 6.98 79.84 55728.38
2003/01/08 14:40 6.98 7.00 6.98 7.00 212.00 148386.00
2003/01/08 14:41 6.98 7.00 6.98 7.00 87.00 60841.00
2003/01/08 14:42 6.99 7.01 6.99 7.01 78.60 55016.63
2003/01/08 14:43 7.01 7.01 7.00 7.00 52.28 36621.00
2003/01/08 14:44 7.00 7.01 7.00 7.01 96.00 67226.00
2003/01/08 14:45 7.01 7.01 6.99 6.99 25.72 18019.75
2003/01/08 14:46 7.00 7.00 6.98 6.98 40.00 27936.00
2003/01/08 14:47 6.98 6.98 6.97 6.97 4.40 3070.25
2003/01/08 14:48 6.96 6.98 6.96 6.98 48.40 33777.13
2003/01/08 14:49 6.99 6.99 6.96 6.98 51.00 35577.00
2003/01/08 14:50 6.98 6.98 6.98 6.98 5.00 3490.00
2003/01/08 14:51 6.99 6.99 6.99 6.99 75.00 52425.00
2003/01/08 14:52 6.99 7.00 6.99 7.00 273.16 191162.25
2003/01/08 14:53 7.00 7.01 7.00 7.01 85.28 59771.25
2003/01/08 14:54 7.01 7.02 7.01 7.02 47.44 33301.00
2003/01/08 14:55 7.02 7.03 7.02 7.03 28.00 19676.00
2003/01/08 14:56 7.04 7.04 7.03 7.03 61.00 42939.00
2003/01/08 14:57 7.04 7.04 7.03 7.04 59.00 41528.00
2003/01/08 14:58 7.05 7.05 7.04 7.04 58.00 40877.00
2003/01/08 14:59 7.03 7.04 7.03 7.04 196.00 137794.00
2003/01/08 15:01 7.05 7.05 7.05 7.05 15.00 10568.75
2003/01/09 09:31 7.06 7.08 7.06 7.08 142.50 100803.00
2003/01/09 09:32 7.06 7.07 7.06 7.06 35.00 24720.00
2003/01/09 09:33 7.06 7.06 7.06 7.06 25.00 17650.00
2003/01/09 09:34 7.07 7.07 7.05 7.07 197.92 139881.44
2003/01/09 09:35 7.05 7.05 7.05 7.05 72.58 51168.91
2003/01/09 09:36 7.05 7.05 7.05 7.05 15.00 10575.00
2003/01/09 09:37 7.05 7.05 7.05 7.05 3.00 2115.00
2003/01/09 09:38 7.03 7.05 7.03 7.05 20.00 14080.00
2003/01/09 09:39 7.03 7.05 7.03 7.05 105.00 74015.00
2003/01/09 09:40 7.05 7.05 7.03 7.03 61.92 43589.75
2003/01/09 09:41 7.03 7.05 7.03 7.05 90.00 63360.03
2003/01/09 09:42 7.06 7.06 7.06 7.06 36.00 25416.00
2003/01/09 09:43 7.05 7.09 7.05 7.09 116.79 82490.56
2003/01/09 09:44 7.08 7.09 7.08 7.09 7.00 4957.00
2003/01/09 09:45 7.09 7.10 7.09 7.10 90.00 63885.00
2003/01/09 09:46 7.09 7.10 7.09 7.10 99.40 70554.00
2003/01/09 09:47 7.11 7.12 7.11 7.12 49.20 34999.19
2003/01/09 09:48 7.11 7.12 7.11 7.12 93.00 66158.00
2003/01/09 09:49 7.11 7.11 7.10 7.10 81.80 58109.81
2003/01/09 09:50 7.10 7.10 7.10 7.10 129.00 91590.00
2003/01/09 09:51 7.09 7.09 7.09 7.09 78.00 55302.06
2003/01/09 09:52 7.08 7.08 7.08 7.08 105.00 74340.00
2003/01/09 09:53 7.08 7.08 7.08 7.08 10.00 7080.00
2003/01/09 09:54 7.07 7.08 7.07 7.08 36.00 25481.00
2003/01/09 09:55 7.06 7.08 7.06 7.08 169.00 119364.00
2003/01/09 09:56 7.08 7.09 7.08 7.09 36.21 25668.63
2003/01/09 09:57 7.09 7.09 7.09 7.09 7.00 4963.00
2003/01/09 09:58 7.08 7.09 7.08 7.09 73.23 51910.13
2003/01/09 09:59 7.09 7.09 7.09 7.09 11.00 7799.00
2003/01/09 10:00 7.09 7.09 7.09 7.09 68.60 48637.38
2003/01/09 10:01 7.10 7.10 7.09 7.09 78.17 55472.50
2003/01/09 10:02 7.08 7.08 7.08 7.08 35.00 24780.00
2003/01/09 10:03 7.07 7.08 7.07 7.08 21.00 14863.00
2003/01/09 10:04 7.06 7.06 7.06 7.06 3.00 2118.00
2003/01/09 10:05 7.06 7.06 7.06 7.06 1.00 706.00
2003/01/09 10:06 7.04 7.05 7.03 7.03 67.00 47173.00
2003/01/09 10:07 7.03 7.03 7.03 7.03 26.00 18278.00
2003/01/09 10:08 7.05 7.05 7.05 7.05 20.00 14100.00
2003/01/09 10:09 7.05 7.05 7.05 7.05 0.00 0.00
2003/01/09 10:10 7.05 7.05 7.05 7.05 43.00 30315.00
2003/01/09 10:11 7.05 7.05 7.05 7.05 0.00 0.00
2003/01/09 10:12 7.06 7.06 7.03 7.05 200.00 140870.00
2003/01/09 10:13 7.05 7.05 7.05 7.05 20.00 14100.00
2003/01/09 10:14 7.05 7.05 7.05 7.05 0.00 0.00
2003/01/09 10:15 7.03 7.06 7.03 7.05 65.00 45735.00
2003/01/09 10:16 7.05 7.05 7.05 7.05 10.00 7050.00
2003/01/09 10:17 7.05 7.05 7.05 7.05 41.00 28905.00
2003/01/09 10:18 7.06 7.06 7.06 7.06 5.00 3530.00
2003/01/09 10:19 7.05 7.06 7.05 7.06 28.00 19763.00
2003/01/09 10:20 7.05 7.05 7.05 7.05 14.90 10504.50
2003/01/09 10:21 7.05 7.08 7.05 7.05 60.00 42450.00
2003/01/09 10:22 7.05 7.05 7.05 7.05 8.00 5640.00
2003/01/09 10:23 7.05 7.05 7.05 7.05 0.00 0.00
2003/01/09 10:24 7.05 7.05 7.05 7.05 46.00 32430.00
2003/01/09 10:25 7.08 7.08 7.07 7.07 7.32 5178.25
2003/01/09 10:26 7.05 7.08 7.05 7.05 54.00 38085.00
2003/01/09 10:27 7.05 7.05 7.05 7.05 29.00 20445.00
2003/01/09 10:28 7.05 7.05 7.05 7.05 26.40 18612.13
2003/01/09 10:29 7.07 7.07 7.07 7.07 80.00 56560.00
2003/01/09 10:30 7.07 7.07 7.06 7.06 36.00 25451.00
2003/01/09 10:31 7.06 7.06 7.06 7.06 0.00 0.00
2003/01/09 10:32 7.06 7.07 7.06 7.07 4.48 3165.00
2003/01/09 10:33 7.07 7.07 7.07 7.07 20.00 14140.00
2003/01/09 10:34 7.07 7.07 7.07 7.07 4.00 2828.00
2003/01/09 10:35 7.06 7.07 7.06 7.07 38.52 27203.75
2003/01/09 10:36 7.06 7.07 7.06 7.07 24.00 16958.00
2003/01/09 10:37 7.07 7.07 7.07 7.07 29.00 20503.00
2003/01/09 10:38 7.06 7.06 7.06 7.06 20.00 14120.00
2003/01/09 10:39 7.06 7.06 7.06 7.06 0.00 0.00
2003/01/09 10:40 7.06 7.06 7.06 7.06 20.00 14120.00
2003/01/09 10:41 7.05 7.06 7.05 7.06 118.00 83194.00
2003/01/09 10:42 7.05 7.05 7.04 7.04 109.38 77111.00
2003/01/09 10:43 7.03 7.03 7.03 7.03 64.08 45048.25
2003/01/09 10:44 7.03 7.03 7.03 7.03 15.00 10545.00
2003/01/09 10:45 7.03 7.03 7.03 7.03 12.92 9082.75
2003/01/09 10:46 7.02 7.04 7.02 7.04 31.00 21764.00
2003/01/09 10:47 7.04 7.04 7.04 7.04 9.00 6336.00
2003/01/09 10:48 7.05 7.05 7.05 7.05 10.62 7487.00
2003/01/09 10:49 7.04 7.04 7.04 7.04 20.00 14080.00
2003/01/09 10:50 7.04 7.04 7.04 7.04 3.00 2112.00
2003/01/09 10:51 7.04 7.04 7.04 7.04 7.00 4928.00
2003/01/09 10:52 7.04 7.04 7.04 7.04 15.00 10560.00
2003/01/09 10:53 7.04 7.04 7.04 7.04 0.00 0.00
2003/01/09 10:54 7.05 7.05 7.05 7.05 13.00 9165.00
2003/01/09 10:55 7.05 7.05 7.05 7.05 0.00 0.00
2003/01/09 10:56 7.05 7.05 7.05 7.05 6.00 4230.00
2003/01/09 10:57 7.05 7.05 7.05 7.05 19.00 13395.00
2003/01/09 10:58 7.04 7.04 7.04 7.04 15.38 10827.50
2003/01/09 10:59 7.04 7.04 7.04 7.04 2.00 1408.00
2003/01/09 11:00 7.04 7.04 7.04 7.04 0.00 0.00
2003/01/09 11:01 7.03 7.03 7.03 7.03 6.00 4218.00
2003/01/09 11:02 7.02 7.02 7.02 7.02 15.00 10530.00
2003/01/09 11:03 7.02 7.02 7.01 7.01 35.00 24537.00
2003/01/09 11:04 7.01 7.01 7.00 7.00 71.49 50049.00
2003/01/09 11:05 7.00 7.01 7.00 7.01 40.00 28010.00
2003/01/09 11:06 7.00 7.00 6.98 6.98 41.59 29059.00
2003/01/09 11:07 6.97 6.98 6.97 6.98 99.41 69320.25
2003/01/09 11:08 6.98 6.98 6.98 6.98 0.00 0.00
2003/01/09 11:09 7.00 7.00 7.00 7.00 32.00 22400.00
2003/01/09 11:10 7.00 7.00 7.00 7.00 0.00 0.00
2003/01/09 11:11 7.01 7.03 7.01 7.03 130.92 92012.00
2003/01/09 11:12 7.02 7.02 7.02 7.02 6.00 4212.00
2003/01/09 11:13 7.04 7.04 7.03 7.03 13.00 9142.00
2003/01/09 11:14 7.03 7.04 7.03 7.04 13.00 9149.00
2003/01/09 11:15 7.04 7.04 7.04 7.04 1.42 999.75
2003/01/09 11:16 7.04 7.04 7.04 7.04 5.00 3520.00
2003/01/09 11:17 7.04 7.04 7.03 7.03 13.58 9554.25
2003/01/09 11:18 7.02 7.02 7.02 7.02 5.00 3510.00
2003/01/09 11:19 7.02 7.02 7.02 7.02 14.00 9828.00
2003/01/09 11:20 7.02 7.02 7.02 7.02 0.00 0.00
2003/01/09 11:21 7.02 7.02 7.02 7.02 0.00 0.00
2003/01/09 11:22 7.02 7.02 7.02 7.02 30.00 21060.00
2003/01/09 11:23 7.01 7.02 7.01 7.02 10.80 7576.50
2003/01/09 11:24 7.02 7.02 7.02 7.02 0.00 0.00
2003/01/09 11:25 7.02 7.02 7.02 7.02 0.00 0.00
2003/01/09 11:26 7.04 7.04 7.04 7.04 10.00 7040.00
2003/01/09 11:27 7.04 7.04 7.04 7.04 0.00 0.00
2003/01/09 11:28 7.04 7.04 7.04 7.04 0.00 0.00
2003/01/09 11:29 7.04 7.04 7.04 7.04 0.00 0.00
2003/01/09 11:30 7.04 7.04 7.04 7.04 0.00 0.00
2003/01/09 11:31 7.04 7.04 7.04 7.04 5.00 3520.00
2003/01/09 13:02 7.04 7.04 7.04 7.04 0.00 0.00
2003/01/09 13:03 7.04 7.04 7.04 7.04 0.00 0.00
2003/01/09 13:04 7.04 7.04 7.04 7.04 0.00 0.00
2003/01/09 13:05 7.04 7.04 7.04 7.04 0.00 0.00
2003/01/09 13:06 7.02 7.02 7.02 7.02 20.00 14040.00
2003/01/09 13:07 7.04 7.04 7.04 7.04 20.00 14080.00
2003/01/09 13:08 7.04 7.04 7.04 7.04 0.00 0.00
2003/01/09 13:09 7.04 7.04 7.04 7.04 0.00 0.00
2003/01/09 13:10 7.04 7.04 7.04 7.04 0.00 0.00
2003/01/09 13:11 7.04 7.04 7.04 7.04 0.00 0.00
2003/01/09 13:12 7.02 7.02 7.02 7.02 10.00 7020.00
2003/01/09 13:13 7.02 7.02 7.02 7.02 50.00 35100.00
2003/01/09 13:14 7.02 7.02 7.02 7.02 0.00 0.00
2003/01/09 13:15 7.04 7.04 7.04 7.04 16.00 11264.00
2003/01/09 13:16 7.04 7.04 7.04 7.04 20.22 14235.00
2003/01/09 13:17 7.04 7.05 7.04 7.05 29.78 20985.00
2003/01/09 13:18 7.02 7.02 7.02 7.02 10.00 7020.00
2003/01/09 13:19 7.02 7.02 7.02 7.02 2.68 1881.25
2003/01/09 13:20 7.02 7.05 7.02 7.05 7.00 4920.00
2003/01/09 13:21 7.05 7.05 7.05 7.05 0.00 0.00
2003/01/09 13:22 7.05 7.05 7.05 7.05 0.00 0.00
2003/01/09 13:23 7.06 7.06 7.06 7.06 41.42 29242.50
2003/01/09 13:24 7.07 7.07 7.07 7.07 5.00 3535.00
2003/01/09 13:25 7.07 7.07 7.07 7.07 15.58 11015.00
2003/01/09 13:26 7.07 7.07 7.07 7.07 3.00 2121.00
2003/01/09 13:27 7.08 7.08 7.08 7.08 13.00 9204.00
2003/01/09 13:28 7.08 7.08 7.08 7.08 27.00 19116.00
2003/01/09 13:29 7.07 7.07 7.07 7.07 5.00 3535.00
2003/01/09 13:30 7.07 7.07 7.07 7.07 7.20 5090.50
2003/01/09 13:31 7.07 7.07 7.07 7.07 16.22 11467.50
2003/01/09 13:32 7.06 7.06 7.06 7.06 12.58 8881.50
2003/01/09 13:33 7.06 7.07 7.06 7.07 77.00 54429.00
2003/01/09 13:34 7.06 7.06 7.06 7.06 5.00 3530.00
2003/01/09 13:35 7.06 7.06 7.06 7.06 0.00 0.00
2003/01/09 13:36 7.05 7.05 7.05 7.05 31.50 22207.50
2003/01/09 13:37 7.05 7.05 7.05 7.05 10.00 7050.00
2003/01/09 13:38 7.06 7.06 7.05 7.05 46.40 32738.50
2003/01/09 13:39 7.05 7.05 7.05 7.05 0.00 0.00
2003/01/09 13:40 7.05 7.05 7.05 7.05 18.00 12690.00
2003/01/09 13:41 7.06 7.06 7.06 7.06 28.80 20332.75
2003/01/09 13:42 7.06 7.06 7.06 7.06 9.00 6354.00
2003/01/09 13:43 7.07 7.07 7.06 7.06 15.00 10595.00
2003/01/09 13:44 7.06 7.07 7.06 7.07 42.20 29834.50
2003/01/09 13:45 7.08 7.08 7.08 7.08 5.00 3540.00
2003/01/09 13:46 7.08 7.09 7.08 7.09 27.99 19837.00
2003/01/09 13:47 7.08 7.09 7.08 7.09 10.00 7085.00
2003/01/09 13:48 7.09 7.10 7.09 7.10 47.20 33465.75
2003/01/09 13:49 7.10 7.10 7.10 7.10 19.00 13490.00
2003/01/09 13:50 7.09 7.09 7.09 7.09 66.80 47361.25
2003/01/09 13:51 7.09 7.10 7.09 7.10 46.06 32692.50
2003/01/09 13:52 7.09 7.10 7.08 7.08 55.44 39342.50
2003/01/09 13:53 7.08 7.08 7.08 7.08 50.00 35400.00
2003/01/09 13:54 7.08 7.08 7.08 7.08 11.00 7788.00
2003/01/09 13:55 7.05 7.05 7.05 7.05 87.00 61335.00
2003/01/09 13:56 7.06 7.06 7.06 7.06 3.00 2118.00
2003/01/09 13:57 7.07 7.07 7.07 7.07 20.00 14140.00
2003/01/09 13:58 7.06 7.08 7.06 7.08 46.08 32588.50
2003/01/09 13:59 7.08 7.08 7.08 7.08 0.00 0.00
2003/01/09 14:00 7.09 7.09 7.09 7.09 3.00 2127.00
2003/01/09 14:01 7.09 7.09 7.09 7.09 0.00 0.00
2003/01/09 14:02 7.09 7.09 7.09 7.09 41.00 29069.00
2003/01/09 14:03 7.09 7.10 7.09 7.10 24.00 17026.00
2003/01/09 14:04 7.10 7.10 7.10 7.10 20.49 14548.00
2003/01/09 14:05 7.10 7.10 7.10 7.10 40.00 28400.00
2003/01/09 14:06 7.09 7.09 7.09 7.09 24.00 17016.00
2003/01/09 14:07 7.09 7.09 7.08 7.08 10.51 7448.50
2003/01/09 14:08 7.07 7.08 7.07 7.07 47.00 33241.00
2003/01/09 14:09 7.07 7.07 7.07 7.07 23.00 16261.00
2003/01/09 14:10 7.07 7.07 7.07 7.07 13.00 9191.00
2003/01/09 14:11 7.07 7.07 7.07 7.07 7.00 4949.00
2003/01/09 14:12 7.07 7.07 7.07 7.07 11.00 7777.00
2003/01/09 14:13 7.07 7.07 7.07 7.07 3.00 2121.00
2003/01/09 14:14 7.07 7.07 7.07 7.07 0.00 0.00
2003/01/09 14:15 7.07 7.08 7.06 7.08 80.00 56530.00
2003/01/09 14:16 7.08 7.08 7.08 7.08 3.00 2124.00
2003/01/09 14:17 7.08 7.08 7.08 7.08 0.00 0.00
2003/01/09 14:18 7.08 7.08 7.08 7.08 9.00 6372.00
2003/01/09 14:19 7.08 7.08 7.08 7.08 1.60 1132.75
2003/01/09 14:20 7.09 7.09 7.09 7.09 10.00 7090.00
2003/01/09 14:21 7.09 7.10 7.09 7.10 186.49 132381.50
2003/01/09 14:22 7.10 7.12 7.10 7.12 49.56 35220.50
2003/01/09 14:23 7.12 7.12 7.12 7.12 161.00 114632.00
2003/01/09 14:24 7.12 7.14 7.12 7.14 90.76 64699.00
2003/01/09 14:25 7.13 7.15 7.13 7.15 191.00 136530.00
2003/01/09 14:26 7.15 7.16 7.15 7.16 100.20 71688.00
2003/01/09 14:27 7.15 7.18 7.15 7.18 162.16 116422.00
2003/01/09 14:28 7.19 7.20 7.19 7.20 62.00 44593.00
2003/01/09 14:29 7.20 7.20 7.20 7.20 218.00 156960.00
2003/01/09 14:30 7.20 7.21 7.20 7.20 221.72 159675.50
2003/01/09 14:31 7.20 7.23 7.20 7.23 330.80 238797.00
2003/01/09 14:32 7.22 7.22 7.20 7.20 173.00 124620.00
2003/01/09 14:33 7.20 7.21 7.20 7.21 59.48 42845.50
2003/01/09 14:34 7.19 7.19 7.18 7.18 60.00 43109.50
2003/01/09 14:35 7.17 7.18 7.17 7.18 4.00 2869.00
2003/01/09 14:36 7.18 7.18 7.18 7.18 0.00 0.00
2003/01/09 14:37 7.18 7.18 7.17 7.17 81.00 58123.00
2003/01/09 14:38 7.17 7.17 7.17 7.17 20.40 14627.00
2003/01/09 14:39 7.17 7.18 7.17 7.18 16.00 11485.00
2003/01/09 14:40 7.16 7.18 7.16 7.18 43.00 30812.00
2003/01/09 14:41 7.18 7.18 7.18 7.18 16.20 11631.50
2003/01/09 14:42 7.19 7.20 7.19 7.20 60.00 43160.00
2003/01/09 14:43 7.20 7.20 7.20 7.20 73.00 52560.00
2003/01/09 14:44 7.20 7.22 7.20 7.20 130.00 93816.00
2003/01/09 14:45 7.21 7.22 7.21 7.22 16.00 11546.00
2003/01/09 14:46 7.21 7.22 7.21 7.21 72.40 52240.50
2003/01/09 14:47 7.22 7.22 7.21 7.21 51.00 36782.00
2003/01/09 14:48 7.20 7.20 7.20 7.20 50.00 36000.00
2003/01/09 14:49 7.20 7.21 7.20 7.20 98.00 70587.00
2003/01/09 14:50 7.20 7.20 7.20 7.20 70.60 50832.00
2003/01/09 14:51 7.20 7.20 7.20 7.20 3.00 2160.00
2003/01/09 14:52 7.19 7.19 7.19 7.19 24.00 17256.00
2003/01/09 14:53 7.19 7.19 7.19 7.19 20.00 14380.00
2003/01/09 14:54 7.19 7.19 7.19 7.19 58.44 42018.50
2003/01/09 14:55 7.19 7.19 7.18 7.18 26.56 19075.50
2003/01/09 14:56 7.18 7.19 7.18 7.19 21.80 15672.50
2003/01/09 14:57 7.19 7.19 7.18 7.18 42.44 30474.50
2003/01/09 14:58 7.18 7.19 7.18 7.18 23.56 16919.00
2003/01/09 14:59 7.17 7.18 7.17 7.18 12.00 8614.00
2003/01/09 15:00 7.18 7.18 7.17 7.17 71.00 51065.00
